0 0 0 0 0
0.01 0 0 0 0
0.02 0 0 0 0
0.03 0 0 0 0
0.04 0 0 0 0
0.05 0 0 0 0
0.06 0 0 0 0
0.07 0 0 0 0
0.08 0 0 0 0
0.09 0 0 0 0
0.1 0 0 0 0
0.11 0 0 0 0
0.12 20 0 0 0
0.13 60 20 0 0
0.14 120 60 0 0
0.15 180 120 0 20
0.16 200 140 0 20
0.17 180 140 0 20
0.18 140 120 0 20
0.19 80 80 0 20
0.2 20 20 0 0
0.21 0 0 0 0
0.22 0 0 0 0
0.23 0 0 0 0
0.24 0 0 0 0
0.25 0 0 0 0
0.26 0 0 0 0
0.27 0 0 0 0
0.28 0 0 0 0
0.29 0 0 0 0
0.3 0 0 0 0
0.31 20 0 0 0
0.32 60 20 0 0
0.33 140 80 0 0
0.34 200 140 0 20
0.35 260 180 0 40
0.36 260 200 0 60
0.37 220 180 0 60
0.38 140 120 0 60
0.39 80 60 0 40
0.4 20 20 0 20
0.41 0 0 0 0
0.42 0 0 0 0
0.43 0 0 0 0
0.44 0 0 0 0
0.45 0 0 0 0
0.46 0 0 0 0
0.47 0 0 0 0
0.48 0 0 0 0
0.49 0 0 0 0
0.5 0 0 0 0
0.51 20 0 0 0
0.52 100 40 0 0
0.53 160 80 20 0
0.54 220 80 20 0
0.55 280 80 40 0
0.56 260 80 40 0
0.57 180 40 40 0
0.58 120 0 20 0
0.59 60 0 20 0
0.6 0 0 0 0
0.61 0 0 0 0
0.62 0 0 0 0
0.63 0 0 0 0
0.64 0 0 0 0
0.65 0 0 0 0
0.66 0 0 0 0
0.67 0 0 0 0
0.68 0 0 0 0
0.69 0 0 0 0
0.7 0 0 0 0
0.71 40 0 0 0
0.72 120 60 0 0
0.73 180 80 20 0
0.74 240 80 40 0
0.75 300 80 60 0
0.76 280 80 60 0
0.77 200 20 60 0
0.78 140 0 40 0
0.79 80 0 20 0
0.8 20 0 0 0
0.81 0 0 0 0
0.82 0 0 0 0
0.83 0 0 0 0
0.84 0 0 0 0
0.85 0 0 0 0
0.86 0 0 0 0
0.87 0 0 0 0
0.88 0 0 0 0
0.89 0 0 0 0
0.9 0 0 0 0
0.91 40 0 0 0
0.92 120 60 0 0
0.93 200 80 20 0
0.94 260 80 40 0
0.95 340 80 60 0
0.96 300 80 80 0
0.97 220 20 80 0
0.98 140 0 60 0
0.99 80 0 40 0
1 0 0 20 0
1.01 0 0 0 0
1.02 0 0 0 0
1.03 0 0 0 0
1.04 0 0 0 0
1.05 0 0 0 0
1.06 0 0 0 0
1.07 0 0 0 0
1.08 0 0 0 0
1.09 0 0 0 0
1.1 0 0 0 0
1.11 60 20 0 0
1.12 140 80 0 0
1.13 200 80 40 0
1.14 280 80 60 0
1.15 360 80 80 0
1.16 300 60 80 0
1.17 220 0 80 0
1.18 160 0 40 0
1.19 80 0 20 0
1.2 0 0 0 0
1.21 0 0 0 0
1.22 0 0 0 0
1.23 0 0 0 0
1.24 0 0 0 0
1.25 0 0 0 0
1.26 0 0 0 0
1.27 0 0 0 0
1.28 0 0 0 0
1.29 0 0 0 0
1.3 0 0 0 0
1.31 60 20 0 0
1.32 140 80 20 0
1.33 220 80 40 0
1.34 300 80 60 0
1.35 360 80 80 0
1.36 320 60 100 0
1.37 240 0 80 0
1.38 160 0 60 0
1.39 80 0 40 0
1.4 20 0 20 0
1.41 0 0 0 0
1.42 0 0 0 0
1.43 0 0 0 0
1.44 0 0 0 0
1.45 0 0 0 0
1.46 0 0 0 0
1.47 0 0 0 0
1.48 0 0 0 0
1.49 0 0 0 0
1.5 0 0 0 0
1.51 60 20 0 0
1.52 140 60 20 0
1.53 220 60 40 0
1.54 300 60 60 0
1.55 380 60 100 0
1.56 320 40 100 0
1.57 240 0 80 0
1.58 160 0 60 0
1.59 80 0 40 0
