0 0 0 0 0 0 0 0
0.01 40 40 0 0 20 40 40
0.02 80 80 0 0 60 120 120
0.03 120 120 0 0 100 200 200
0.04 160 160 0 0 140 280 280
0.05 200 200 0 0 180 340 340
0.06 200 200 0 0 200 380 380
0.07 180 180 0 0 180 360 360
0.08 180 180 0 0 180 360 360
0.09 180 180 0 0 180 360 360
0.1 180 180 0 0 180 360 360
0.11 180 180 0 0 180 360 360
0.12 200 200 20 20 200 380 380
0.13 200 200 60 60 200 380 380
0.14 220 220 80 80 220 380 380
0.15 220 220 120 120 220 400 400
0.16 220 220 160 160 220 380 380
0.17 240 240 160 160 240 380 380
0.18 240 240 160 160 240 380 380
0.19 220 220 160 160 220 380 380
0.2 240 240 160 160 240 380 380
0.21 240 240 140 140 240 400 400
0.22 220 220 160 160 220 400 400
0.23 240 240 160 160 240 400 400
0.24 240 240 160 160 240 400 400
0.25 240 240 160 160 240 400 400
0.26 240 240 160 160 240 400 400
0.27 240 240 160 160 240 380 380
0.28 220 220 140 140 220 380 380
0.29 240 240 160 160 240 380 380
0.3 220 220 140 140 220 380 380
0.31 220 220 160 160 220 380 380
0.32 240 240 160 160 240 400 400
0.33 240 240 160 160 240 400 400
0.34 240 240 160 160 240 400 400
0.35 240 240 160 160 240 400 400
0.36 240 240 160 160 240 400 400
0.37 220 220 140 140 220 380 380
0.38 240 240 160 160 240 380 380
0.39 220 220 160 160 220 380 380
0.4 220 220 160 160 220 380 380
0.41 240 240 160 160 240 380 380
0.42 240 240 160 160 240 400 400
0.43 240 240 160 160 240 400 400
0.44 240 240 140 140 240 400 400
0.45 240 240 160 160 240 400 400
0.46 240 240 140 140 240 400 400
0.47 240 240 160 160 240 400 400
0.48 220 220 160 160 220 380 380
0.49 240 240 160 160 240 380 380
0.5 240 240 160 160 240 380 380
0.51 220 220 160 160 220 380 380
0.52 240 240 160 160 240 380 380
0.53 240 240 140 140 240 400 400
0.54 220 220 160 160 220 400 400
0.55 240 240 160 160 240 400 400
0.56 240 240 160 160 240 400 400
0.57 240 240 160 160 240 400 400
0.58 240 240 160 160 240 400 400
0.59 240 240 160 160 240 380 380
0.6 220 220 140 140 220 380 380
0.61 240 240 160 160 240 380 380
0.62 220 220 140 140 220 380 380
0.63 220 220 160 160 220 380 380
0.64 240 240 160 160 240 400 400
0.65 240 240 160 160 240 400 400
0.66 240 240 160 160 240 400 400
0.67 240 240 160 160 240 400 400
0.68 240 240 160 160 240 400 400
0.69 220 220 140 140 220 380 380
0.7 240 240 160 160 240 380 380
0.71 220 220 160 160 220 380 380
0.72 220 220 160 160 220 380 380
0.73 240 240 160 160 240 380 380
0.74 240 240 160 160 240 400 400
0.75 240 240 160 160 240 400 400
0.76 240 240 140 140 240 400 400
0.77 240 240 160 160 240 400 400
0.78 240 240 140 140 240 400 400
0.79 240 240 160 160 240 400 400
0.8 220 220 160 160 220 380 380
0.81 240 240 160 160 240 380 380
0.82 240 240 160 160 240 380 380
0.83 220 220 160 160 220 380 380
0.84 240 240 160 160 240 380 380
0.85 240 240 140 140 240 400 400
0.86 220 220 160 160 220 400 400
0.87 240 240 160 160 240 400 400
0.88 240 240 160 160 240 400 400
0.89 240 240 160 160 240 400 400
0.9 240 240 160 160 240 400 400
0.91 240 240 160 160 240 380 380
0.92 220 220 140 140 220 380 380
0.93 240 240 160 160 240 380 380
0.94 220 220 140 140 220 380 380
0.95 220 220 160 160 220 380 380
0.96 240 240 160 160 240 400 400
0.97 240 240 160 160 240 400 400
0.98 240 240 160 160 240 400 400
0.99 240 240 160 160 240 400 400
1 240 240 160 160 240 400 400
1.01 220 220 140 140 220 380 380
1.02 240 240 160 160 240 380 380
1.03 220 220 160 160 220 380 380
1.04 220 220 160 160 220 380 380
1.05 240 240 160 160 240 380 380
1.06 240 240 160 160 240 400 400
1.07 240 240 160 160 240 400 400
1.08 240 240 140 140 240 400 400
1.09 240 240 160 160 240 400 400
1.1 240 240 140 140 240 400 400
1.11 220 220 140 140 220 380 380
1.12 200 200 100 100 200 380 380
1.13 200 200 80 80 200 380 380
1.14 180 180 40 40 180 360 360
1.15 160 160 20 20 160 360 360
1.16 180 180 0 0 180 380 380
1.17 180 180 0 0 180 360 360
1.18 180 180 0 0 180 360 360
1.19 180 180 0 0 180 360 360
1.2 180 180 0 0 180 360 360
1.21 180 180 0 0 180 360 360
1.22 180 180 0 0 180 360 360
1.23 180 180 0 0 180 360 360
1.24 200 200 0 0 200 380 380
1.25 180 180 0 0 180 360 360
1.26 180 180 0 0 180 360 360
1.27 180 180 0 0 180 380 380
1.28 180 180 0 0 180 360 360
1.29 180 180 0 0 180 360 360
1.3 180 180 0 0 180 360 360
1.31 180 180 0 0 180 360 360
1.32 180 180 0 0 180 360 360
1.33 180 180 0 0 180 360 360
1.34 180 180 0 0 180 360 360
1.35 200 200 0 0 200 380 380
1.36 180 180 0 0 180 360 360
1.37 180 180 0 0 180 360 360
1.38 180 180 0 0 180 380 380
1.39 180 180 0 0 180 360 360
1.4 180 180 0 0 180 360 360
1.41 180 180 0 0 180 360 360
1.42 180 180 0 0 180 360 360
1.43 180 180 0 0 180 360 360
1.44 180 180 0 0 180 360 360
1.45 180 180 0 0 180 360 360
1.46 200 200 0 0 200 380 380
1.47 180 180 0 0 180 360 360
1.48 180 180 0 0 180 360 360
1.49 180 180 0 0 180 380 380
1.5 180 180 0 0 180 360 360
1.51 180 180 0 0 180 360 360
1.52 180 180 0 0 180 360 360
1.53 180 180 0 0 180 360 360
1.54 180 180 0 0 180 360 360
1.55 180 180 0 0 180 360 360
1.56 180 180 0 0 180 360 360
1.57 200 200 0 0 200 380 380
1.58 180 180 0 0 180 360 360
1.59 180 180 0 0 180 360 360
1.6 180 180 0 0 180 380 380
1.61 180 180 0 0 180 360 360
1.62 180 180 20 20 180 360 360
1.63 220 220 40 60 220 380 380
1.64 240 220 80 80 220 380 380
1.65 240 240 100 120 240 360 380
1.66 260 260 140 160 260 380 400
1.67 280 280 140 160 280 380 380
1.68 280 280 160 160 280 380 380
1.69 260 280 140 160 280 360 380
1.7 280 280 160 160 280 380 380
1.71 280 280 160 140 280 380 360
1.72 260 260 160 160 260 380 380
1.73 260 260 160 160 260 380 380
1.74 280 280 160 160 280 380 380
1.75 280 280 160 160 280 380 380
1.76 280 280 140 160 280 380 400
1.77 300 300 160 160 300 380 380
1.78 280 280 160 140 280 380 380
1.79 280 280 160 160 280 380 380
1.8 280 280 160 140 280 380 380
1.81 260 280 160 160 260 380 380
1.82 260 260 160 160 260 380 380
1.83 280 280 140 160 280 380 380
1.84 280 280 160 160 280 400 380
1.85 260 260 140 160 260 380 380
1.86 280 260 160 160 280 380 380
1.87 280 260 160 140 260 380 380
1.88 260 260 160 160 260 380 380
1.89 260 260 160 160 260 360 380
1.9 260 260 160 160 260 380 380
1.91 260 260 160 160 260 380 380
1.92 260 280 140 160 280 380 380
1.93 280 280 160 160 280 380 380
1.94 260 260 160 140 260 380 380
1.95 280 280 160 160 280 380 380
1.96 280 280 160 140 280 380 380
1.97 260 260 160 160 260 380 380
1.98 260 260 160 160 260 380 380
1.99 280 280 140 160 280 400 380
2 280 280 160 160 280 380 380
2.01 280 280 140 160 280 380 380
2.02 300 300 160 160 300 380 400
2.03 300 300 160 140 320 380 380
2.04 300 300 160 160 320 380 380
2.05 300 300 160 160 320 400 380
2.06 280 280 160 160 300 380 380
2.07 280 280 160 160 300 380 380
2.08 280 280 140 160 280 380 400
2.09 280 280 160 160 280 380 380
2.1 260 260 160 140 260 380 380
2.11 280 280 160 160 280 380 380
2.12 280 280 160 140 280 380 380
2.13 260 280 160 160 260 380 380
2.14 260 260 160 160 260 380 380
2.15 280 280 140 160 280 380 380
2.16 280 280 160 160 280 400 380
2.17 260 260 140 160 260 380 380
2.18 280 260 160 160 280 380 380
2.19 280 260 160 140 260 380 380
2.2 260 260 160 160 260 380 380
2.21 260 260 160 160 260 360 380
2.22 260 260 160 160 260 380 380
2.23 260 260 160 160 260 380 380
2.24 260 280 140 160 280 380 380
2.25 280 280 160 160 280 380 380
2.26 260 260 160 140 260 380 380
2.27 280 280 160 160 280 380 380
2.28 280 280 160 140 280 380 380
2.29 260 260 160 160 260 380 380
2.3 260 260 160 160 260 380 380
2.31 280 280 140 160 280 400 380
2.32 280 280 160 160 280 380 380
2.33 280 280 140 160 280 380 380
2.34 300 300 160 160 300 380 400
2.35 300 300 160 140 320 380 380
2.36 300 300 160 160 320 380 380
2.37 300 300 160 160 320 400 380
2.38 280 280 160 160 300 380 380
2.39 280 280 160 160 300 380 380
2.4 280 280 140 160 280 380 400
2.41 280 280 160 160 280 380 380
2.42 260 260 160 140 260 380 380
2.43 280 280 160 160 280 380 380
2.44 280 280 160 140 280 380 380
2.45 260 280 160 160 260 380 380
2.46 260 260 160 160 260 380 380
2.47 280 280 140 160 280 380 380
2.48 280 280 160 160 280 400 380
2.49 260 260 140 160 260 380 380
2.5 280 260 160 160 280 380 380
2.51 280 260 160 140 260 380 380
2.52 260 260 160 160 260 380 380
2.53 260 260 160 160 260 360 380
2.54 260 260 160 160 260 380 380
2.55 260 260 160 160 260 380 380
2.56 260 280 140 160 280 380 380
2.57 280 280 160 160 280 380 380
2.58 260 260 160 140 260 380 380
2.59 280 280 160 160 280 380 380
2.6 280 280 160 140 280 380 380
2.61 260 260 160 140 260 380 380
2.62 260 240 120 100 260 380 380
2.63 260 260 80 80 280 380 380
2.64 260 240 60 40 280 380 360
2.65 240 240 20 20 280 360 360
2.66 240 240 0 0 280 360 360
2.67 220 240 0 0 260 340 360
2.68 220 220 0 0 260 360 360
2.69 220 240 0 0 260 360 360
2.7 220 220 0 0 240 360 360
2.71 220 220 0 0 260 360 360
2.72 240 220 0 0 280 360 360
2.73 240 240 0 0 260 360 360
2.74 220 220 0 0 260 360 360
2.75 220 220 0 0 260 360 360
2.76 240 220 0 0 260 360 360
2.77 220 220 0 0 240 360 360
2.78 220 220 0 0 260 360 340
2.79 220 220 0 0 240 360 360
2.8 220 220 0 0 260 360 360
2.81 220 240 0 0 260 360 360
2.82 220 240 0 0 260 360 360
2.83 220 220 0 0 240 360 360
2.84 220 220 0 0 260 340 360
2.85 240 240 0 0 260 360 360
2.86 220 220 0 0 240 360 360
2.87 220 220 0 0 260 360 360
2.88 220 220 0 0 260 360 360
2.89 240 220 0 0 260 360 360
2.9 220 220 0 0 240 360 340
2.91 220 220 0 0 260 360 360
2.92 220 220 0 0 240 360 360
2.93 240 220 0 0 260 360 360
2.94 220 240 0 0 260 360 360
2.95 220 220 0 0 260 360 360
2.96 220 220 0 0 240 340 360
2.97 220 220 0 0 260 360 360
2.98 220 240 0 0 260 360 360
2.99 220 220 0 0 240 360 360
3 220 220 0 0 240 360 360
3.01 240 220 0 0 260 360 360
3.02 240 240 0 0 260 360 360
3.03 220 220 0 0 240 360 360
3.04 220 220 0 0 260 360 360
3.05 240 220 0 0 280 360 360
3.06 220 220 0 0 260 360 360
3.07 220 220 0 0 240 360 340
3.08 220 220 0 0 260 360 360
3.09 220 220 0 0 240 360 360
3.1 220 240 0 0 240 360 360
3.11 220 240 0 0 260 360 360
3.12 240 220 20 20 280 360 380
3.13 260 260 60 40 280 360 360
3.14 260 260 80 80 280 380 360
3.15 260 260 120 100 280 380 380
3.16 280 280 160 140 280 380 380
3.17 260 280 160 140 260 380 380
3.18 260 260 160 160 260 380 380
3.19 280 280 160 140 280 380 380
3.2 280 280 160 160 280 380 380
3.21 260 280 140 160 260 380 380
3.22 280 280 160 160 280 380 380
3.23 280 280 160 160 280 380 400
3.24 260 260 160 160 260 380 380
3.25 260 260 160 160 260 380 380
3.26 280 260 160 140 280 380 380
3.27 280 280 160 160 280 380 380
3.28 260 260 140 160 260 380 380
3.29 280 280 160 160 280 380 380
3.3 280 280 140 160 280 380 380
3.31 260 260 160 160 260 380 380
3.32 260 280 160 160 280 380 380
3.33 280 280 160 140 280 380 380
3.34 280 280 160 160 280 380 380
3.35 280 280 160 140 280 380 380
3.36 280 280 160 160 280 400 380
3.37 280 260 140 160 260 380 380
3.38 280 280 160 160 280 380 380
3.39 260 280 160 160 280 380 400
3.4 260 260 160 160 260 380 380
3.41 280 280 160 160 280 380 380
3.42 260 260 160 140 260 380 380
3.43 260 260 160 160 260 380 380
3.44 280 260 140 160 260 380 360
3.45 280 260 160 160 260 380 380
3.46 260 260 140 160 260 360 380
3.47 280 280 160 160 280 380 380
3.48 280 280 160 160 280 380 380
3.49 280 280 160 140 280 380 380
3.5 280 300 160 160 300 380 380
3.51 300 300 160 140 320 400 380
3.52 300 300 160 160 320 400 380
3.53 300 300 140 160 320 380 380
3.54 300 300 160 160 320 380 400
3.55 280 280 160 160 300 380 380
3.56 280 280 160 160 280 380 380
3.57 280 280 160 160 280 380 380
3.58 260 260 160 140 260 380 380
3.59 260 260 160 160 260 380 380
3.6 280 280 140 160 280 380 400
3.61 280 280 160 160 280 380 380
3.62 260 260 140 160 260 380 380
3.63 280 280 160 160 280 380 380
3.64 280 280 160 160 280 380 380
3.65 260 260 160 140 260 380 380
3.66 260 260 160 160 260 380 380
3.67 280 260 160 140 260 380 380
3.68 260 260 160 160 260 380 380
3.69 260 260 140 160 260 380 380
3.7 260 260 160 160 260 380 360
3.71 260 260 160 160 260 380 380
3.72 260 280 160 160 280 380 380
3.73 280 280 160 160 280 400 380
3.74 260 260 160 140 260 380 380
3.75 280 280 160 160 280 380 400
3.76 280 280 140 160 280 380 380
3.77 280 260 160 160 280 380 380
3.78 260 260 140 160 260 360 380
3.79 280 280 160 160 280 380 380
3.8 280 280 160 160 280 380 380
3.81 280 280 160 140 280 380 380
3.82 280 300 160 160 280 380 380
3.83 300 300 160 140 320 400 380
3.84 300 300 160 160 320 400 380
3.85 300 300 140 160 320 380 380
3.86 300 300 160 160 320 380 400
3.87 280 280 160 160 300 380 380
3.88 280 280 160 160 280 380 380
3.89 280 280 160 160 280 380 380
3.9 260 260 160 140 260 380 380
3.91 260 260 160 160 260 380 380
3.92 280 280 140 160 280 380 400
3.93 280 280 160 160 280 380 380
3.94 260 260 140 160 260 380 380
3.95 280 280 160 160 280 380 380
3.96 280 280 160 160 280 380 380
3.97 260 260 160 140 260 380 380
3.98 260 260 160 160 260 380 380
3.99 280 260 160 140 260 380 380
4 260 260 160 160 260 380 380
4.01 260 260 140 160 260 380 380
4.02 260 260 160 160 260 380 360
4.03 260 260 160 160 260 380 380
4.04 260 280 160 160 280 380 380
4.05 280 280 160 160 280 400 380
4.06 260 260 160 140 260 380 380
4.07 280 280 160 160 280 380 400
4.08 280 280 140 160 280 380 380
4.09 280 260 160 160 280 380 380
4.1 260 260 140 160 260 360 380
4.11 280 280 140 160 280 380 380
4.12 260 260 100 120 260 380 360
4.13 240 240 80 80 260 360 380
4.14 240 260 40 60 260 360 380
4.15 240 240 20 20 280 380 360
4.16 220 240 0 0 260 360 360
4.17 220 240 0 0 280 360 360
4.18 240 240 0 0 260 360 360
4.19 220 220 0 0 260 360 340
4.2 220 220 0 0 240 360 360
4.21 240 220 0 0 260 360 360
4.22 240 220 0 0 260 360 360
4.23 220 220 0 0 260 360 360
4.24 220 220 0 0 240 360 360
4.25 240 240 0 0 260 360 360
4.26 220 220 0 0 260 360 360
4.27 220 220 0 0 240 360 360
4.28 220 220 0 0 260 360 360
4.29 220 240 0 0 260 360 360
4.3 220 220 0 0 260 340 360
4.31 220 220 0 0 240 360 360
4.32 220 220 0 0 260 360 360
4.33 220 240 0 0 260 360 360
4.34 240 220 0 0 260 360 360
4.35 220 220 0 0 260 360 360
4.36 220 220 0 0 260 360 340
4.37 220 220 0 0 240 360 360
4.38 240 220 0 0 240 360 360
4.39 220 220 0 0 260 360 360
4.4 220 220 0 0 240 360 360
4.41 220 240 0 0 260 360 360
4.42 240 240 0 0 280 360 360
4.43 220 220 0 0 260 360 360
4.44 220 220 0 0 240 360 360
4.45 220 240 0 0 260 360 360
4.46 220 220 0 0 240 360 360
4.47 220 220 0 0 240 340 360
4.48 220 220 0 0 240 360 360
4.49 220 220 0 0 260 360 360
4.5 240 220 0 0 260 360 360
4.51 240 220 0 0 260 360 360
4.52 220 220 0 0 260 360 360
4.53 220 220 0 0 260 360 340
4.54 240 240 0 0 260 360 360
4.55 220 220 0 0 240 360 360
4.56 220 220 0 0 260 360 360
4.57 220 220 0 0 240 360 360
4.58 220 240 0 0 260 360 360
4.59 220 220 0 0 260 340 360
4.6 220 220 0 0 260 360 360
4.61 220 220 0 0 240 360 360
4.62 220 240 0 0 260 360 360
4.63 240 220 0 0 260 360 360
4.64 220 220 0 0 240 360 360
4.65 220 220 0 0 260 360 340
4.66 220 220 0 0 260 360 360
4.67 240 220 0 0 260 360 360
4.68 220 220 0 0 240 360 360
4.69 220 220 0 0 260 360 360
4.7 220 240 0 0 260 360 360
4.71 240 240 0 0 260 360 360
4.72 220 220 0 0 260 360 360
4.73 220 220 0 0 260 360 360
4.74 220 240 0 0 260 360 360
4.75 220 220 0 0 240 360 360
4.76 220 220 0 0 260 340 360
4.77 220 220 0 0 240 360 360
4.78 220 220 0 0 260 360 360
4.79 240 220 0 0 260 360 360
4.8 240 220 0 0 260 360 360
4.81 220 220 0 0 240 360 360
4.82 220 220 0 0 260 360 340
4.83 240 240 0 0 260 360 360
4.84 220 220 0 0 240 360 360
4.85 220 220 0 0 260 360 360
4.86 220 220 0 0 260 360 360
4.87 220 240 0 0 260 360 360
4.88 220 220 0 0 240 360 360
4.89 220 220 0 0 260 360 360
4.9 220 220 0 0 240 360 360
4.91 220 240 0 0 260 360 360
4.92 240 220 0 0 260 360 360
4.93 220 220 0 0 260 340 360
4.94 220 240 0 0 240 360 360
4.95 220 220 0 0 260 360 360
4.96 240 220 0 0 260 360 360
4.97 220 220 0 0 240 360 360
4.98 220 220 0 0 240 360 360
4.99 220 220 0 0 260 360 360
5 240 240 0 0 260 360 360
5.01 220 220 0 0 240 360 360
5.02 220 220 0 0 260 360 360
5.03 220 240 0 0 280 360 360
5.04 220 220 0 0 260 360 340
5.05 220 220 0 0 240 360 360
5.06 220 220 0 0 260 360 360
5.07 220 220 0 0 240 360 360
5.08 240 220 0 0 240 360 360
5.09 240 220 0 0 260 360 360
5.1 220 220 0 0 260 340 360
5.11 220 240 0 0 240 360 360
5.12 240 240 0 0 280 360 360
5.13 220 220 0 0 260 360 360
5.14 220 220 0 0 240 360 360
5.15 220 220 0 0 260 360 360
5.16 220 220 0 0 280 360 340
5.17 220 220 0 0 240 360 360
5.18 220 220 0 0 240 360 360
5.19 220 220 0 0 260 360 360
5.2 220 240 0 0 260 360 360
5.21 240 220 0 0 240 360 360
5.22 220 220 0 0 260 340 360
5.23 220 240 0 0 260 360 360
5.24 220 220 0 0 240 360 360
5.25 240 220 0 0 240 360 360
5.26 220 220 0 0 260 360 360
5.27 220 220 0 0 240 360 360
5.28 240 220 0 0 260 360 360
5.29 240 240 0 0 280 360 360
5.3 220 220 0 0 260 360 360
5.31 220 220 0 0 240 360 360
5.32 240 240 0 0 260 360 360
5.33 220 220 0 0 260 360 340
5.34 220 220 0 0 240 360 360
5.35 220 220 0 0 240 360 360
5.36 220 220 0 0 260 360 360
5.37 220 220 0 0 260 360 360
5.38 220 220 0 0 240 360 360
5.39 220 220 0 0 260 340 360
5.4 220 240 0 0 260 360 360
5.41 240 240 0 0 260 360 360
5.42 220 220 0 0 260 360 360
5.43 220 220 0 0 260 360 360
5.44 220 220 0 0 240 360 360
5.45 220 220 0 0 260 360 360
5.46 220 220 0 0 260 360 360
5.47 220 220 0 0 240 360 360
5.48 220 240 0 0 260 360 360
5.49 240 240 0 0 280 360 360
5.5 240 220 0 0 260 360 340
5.51 220 220 0 0 240 360 360
5.52 220 240 0 0 260 360 360
5.53 220 200 0 0 240 360 360
5.54 220 220 0 0 240 360 360
5.55 220 220 0 0 240 360 360
5.56 220 220 0 0 260 340 360
5.57 240 220 0 0 260 360 360
5.58 240 240 0 0 260 360 360
5.59 220 220 0 0 260 360 360
