0 0 0 0 0 0 0 0
0.01 40 40 0 0 0 40 40
0.02 40 40 0 0 20 100 100
0.03 40 40 0 0 20 160 160
0.04 40 40 0 0 20 220 220
0.05 40 40 0 0 20 280 280
0.06 0 0 0 0 20 320 320
0.07 0 0 0 0 0 320 320
0.08 0 0 0 0 0 320 320
0.09 0 0 0 0 0 320 320
0.1 0 0 0 0 0 320 320
0.11 0 0 0 0 0 300 300
0.12 20 20 20 20 0 300 300
0.13 60 60 60 60 40 320 320
0.14 60 60 80 80 40 320 320
0.15 100 100 120 120 60 340 340
0.16 120 120 160 160 80 340 340
0.17 120 120 160 160 80 360 360
0.18 100 100 160 160 60 340 340
0.19 120 120 160 160 80 360 360
0.2 120 120 160 160 80 340 340
0.21 120 120 140 140 80 360 360
0.22 120 120 160 160 80 340 340
0.23 120 120 160 160 80 360 360
0.24 120 120 160 160 80 340 340
0.25 100 100 160 160 60 360 360
0.26 120 120 160 160 80 360 360
0.27 100 100 160 160 80 360 360
0.28 120 120 140 140 80 360 360
0.29 120 120 160 160 80 360 360
0.3 120 120 140 140 80 340 340
0.31 120 120 160 160 80 340 340
0.32 120 120 160 160 80 360 360
0.33 120 120 160 160 80 340 340
0.34 120 120 160 160 80 360 360
0.35 120 120 160 160 80 360 360
0.36 120 120 160 160 80 360 360
0.37 120 120 140 140 80 340 340
0.38 120 120 160 160 80 360 360
0.39 120 120 160 160 80 340 340
0.4 120 120 160 160 80 360 360
0.41 100 100 160 160 60 340 340
0.42 120 120 160 160 80 360 360
0.43 120 120 160 160 60 340 340
0.44 120 120 140 140 80 360 360
0.45 100 100 160 160 80 340 340
0.46 120 120 140 140 80 360 360
0.47 120 120 160 160 80 340 340
0.48 100 100 160 160 80 360 360
0.49 120 120 160 160 80 340 340
0.5 120 120 160 160 80 360 360
0.51 120 120 160 160 80 340 340
0.52 120 120 160 160 80 360 360
0.53 120 120 140 140 80 340 340
0.54 120 120 160 160 80 360 360
0.55 120 120 160 160 80 340 340
0.56 120 120 160 160 80 360 360
0.57 120 120 160 160 80 360 360
0.58 120 120 160 160 80 360 360
0.59 120 120 160 160 60 360 360
0.6 120 120 140 140 80 360 360
0.61 120 120 160 160 80 360 360
0.62 120 120 140 140 80 340 340
0.63 120 120 160 160 80 360 360
0.64 100 100 160 160 80 340 340
0.65 120 120 160 160 80 360 360
0.66 100 100 160 160 60 340 340
0.67 120 120 160 160 80 360 360
0.68 100 100 160 160 80 340 340
0.69 120 120 140 140 80 360 360
0.7 120 120 160 160 80 340 340
0.71 120 120 160 160 80 360 360
0.72 120 120 160 160 80 340 340
0.73 120 120 160 160 80 360 360
0.74 120 120 160 160 80 340 340
0.75 120 120 160 160 80 360 360
0.76 120 120 140 140 80 340 340
0.77 120 120 160 160 80 360 360
0.78 120 120 140 140 80 340 340
0.79 120 120 160 160 80 360 360
0.8 120 120 160 160 80 340 340
0.81 120 120 160 160 80 360 360
0.82 100 100 160 160 60 340 340
0.83 120 120 160 160 80 360 360
0.84 120 120 160 160 80 340 340
0.85 120 120 140 140 80 360 360
0.86 120 120 160 160 80 340 340
0.87 120 120 160 160 80 360 360
0.88 120 120 160 160 80 340 340
0.89 100 100 160 160 60 360 360
0.9 120 120 160 160 80 360 360
0.91 100 100 160 160 80 360 360
0.92 120 120 140 140 80 360 360
0.93 120 120 160 160 80 360 360
0.94 120 120 140 140 80 340 340
0.95 120 120 160 160 80 340 340
0.96 120 120 160 160 80 360 360
0.97 120 120 160 160 80 340 340
0.98 120 120 160 160 80 360 360
0.99 120 120 160 160 80 360 360
1 120 120 160 160 80 360 360
1.01 120 120 140 140 80 340 340
1.02 120 120 160 160 80 360 360
1.03 120 120 160 160 80 340 340
1.04 120 120 160 160 80 360 360
1.05 100 100 160 160 60 340 340
1.06 120 120 160 160 80 360 360
1.07 120 120 160 160 60 340 340
1.08 120 120 140 140 80 360 360
1.09 100 100 160 160 80 340 340
1.1 120 120 140 140 80 360 360
1.11 120 120 140 140 80 340 340
1.12 80 80 100 100 80 340 340
1.13 60 60 80 80 40 320 320
1.14 60 60 40 40 40 320 320
1.15 20 20 20 20 20 300 300
1.16 0 0 0 0 0 300 300
1.17 0 0 0 0 0 300 300
1.18 0 0 0 0 0 300 300
1.19 0 0 0 0 0 320 320
1.2 0 0 0 0 0 320 320
1.21 0 0 0 0 0 320 320
1.22 0 0 0 0 0 320 320
1.23 0 0 0 0 0 320 320
1.24 0 0 0 0 0 300 300
1.25 0 0 0 0 0 300 300
1.26 0 0 0 0 0 300 300
1.27 0 0 0 0 0 300 300
1.28 0 0 0 0 0 300 300
1.29 0 0 0 0 0 300 300
1.3 0 0 0 0 0 300 300
1.31 0 0 0 0 0 300 300
1.32 0 0 0 0 0 300 300
1.33 0 0 0 0 0 300 300
1.34 0 0 0 0 0 300 300
1.35 0 0 0 0 0 300 300
1.36 0 0 0 0 0 300 300
1.37 0 0 0 0 0 300 300
1.38 0 0 0 0 0 320 320
1.39 0 0 0 0 0 320 320
1.4 0 0 0 0 0 320 320
1.41 0 0 0 0 0 320 320
1.42 0 0 0 0 0 320 320
1.43 0 0 0 0 0 300 300
1.44 0 0 0 0 0 300 300
1.45 0 0 0 0 0 300 300
1.46 0 0 0 0 0 300 300
1.47 0 0 0 0 0 300 300
1.48 0 0 0 0 0 300 300
1.49 0 0 0 0 0 300 300
1.5 0 0 0 0 0 300 300
1.51 0 0 0 0 0 300 300
1.52 0 0 0 0 0 300 300
1.53 0 0 0 0 0 300 300
1.54 0 0 0 0 0 300 300
1.55 0 0 0 0 0 300 300
1.56 0 0 0 0 0 300 300
1.57 0 0 0 0 0 320 320
1.58 0 0 0 0 0 320 320
1.59 0 0 0 0 0 320 320
1.6 0 0 0 0 0 320 320
1.61 0 0 0 0 0 320 320
1.62 20 20 20 0 0 300 300
1.63 60 60 60 20 40 300 300
1.64 80 80 80 40 60 300 300
1.65 120 120 120 60 100 320 300
1.66 140 140 160 60 120 320 300
1.67 160 160 160 80 160 340 320
1.68 140 140 160 80 140 340 320
1.69 160 160 160 80 160 340 320
1.7 160 160 160 80 160 340 320
1.71 160 160 140 100 160 340 320
1.72 160 160 160 100 160 340 320
1.73 160 160 160 80 160 340 320
1.74 160 160 160 80 160 360 320
1.75 160 140 160 80 140 340 320
1.76 160 160 160 80 160 340 320
1.77 160 160 160 80 160 320 320
1.78 200 180 140 100 200 320 320
1.79 200 180 160 100 200 320 320
1.8 180 180 140 80 200 320 320
1.81 200 180 160 80 200 340 340
1.82 180 160 160 80 180 340 320
1.83 160 160 160 80 160 360 320
1.84 180 160 160 80 160 340 320
1.85 200 180 160 100 200 340 340
1.86 200 160 160 100 200 340 320
1.87 220 180 140 80 220 340 320
1.88 220 160 160 80 200 340 320
1.89 180 160 160 80 200 340 320
1.9 180 160 160 80 180 340 320
1.91 180 180 160 80 180 340 320
1.92 180 180 160 100 180 340 320
1.93 200 200 160 80 220 320 340
1.94 220 220 140 80 240 340 340
1.95 220 200 160 80 220 340 320
1.96 200 200 140 80 220 320 340
1.97 200 200 160 80 220 340 340
1.98 180 200 160 100 200 340 320
1.99 180 180 160 100 200 340 340
2 180 180 160 80 220 340 340
2.01 220 200 160 80 240 360 320
2.02 220 180 160 80 220 340 320
2.03 200 180 140 80 220 360 340
2.04 200 180 160 80 200 340 320
2.05 180 180 160 100 180 360 320
2.06 160 160 160 100 160 340 320
2.07 140 160 160 80 160 340 320
2.08 160 160 160 80 160 340 300
2.09 140 140 160 80 140 340 300
2.1 160 160 140 80 160 320 320
2.11 160 160 160 80 160 340 320
2.12 160 160 140 100 160 340 320
2.13 160 160 160 100 160 340 340
2.14 180 160 160 80 180 340 340
2.15 180 160 160 80 180 360 320
2.16 160 140 160 80 160 340 320
2.17 180 160 160 80 180 340 340
2.18 180 160 160 80 180 320 320
2.19 160 160 140 100 160 320 320
2.2 160 160 160 100 160 320 320
2.21 180 160 160 80 180 320 320
2.22 180 160 160 80 180 340 320
2.23 180 160 160 80 160 340 320
2.24 180 160 160 80 180 360 320
2.25 180 140 160 80 160 340 320
2.26 160 160 140 100 160 360 320
2.27 140 140 160 100 140 340 300
2.28 140 140 140 80 160 360 320
2.29 160 160 160 80 160 340 320
2.3 140 160 160 80 160 360 320
2.31 160 160 160 80 160 340 320
2.32 180 180 160 80 180 340 340
2.33 180 180 160 100 180 320 320
2.34 180 160 160 100 180 340 320
2.35 200 180 140 80 200 320 320
2.36 200 180 160 80 180 340 340
2.37 180 160 160 80 180 340 320
2.38 180 160 160 80 180 360 320
2.39 180 180 160 80 180 340 320
2.4 160 160 160 100 160 340 320
2.41 180 160 160 100 200 320 320
2.42 200 180 140 80 200 340 320
2.43 200 180 160 80 220 320 320
2.44 200 180 140 80 200 340 320
2.45 220 220 160 80 240 340 340
2.46 200 200 160 80 200 360 320
2.47 200 200 160 100 200 340 320
2.48 200 200 160 80 200 340 320
2.49 200 200 160 80 220 320 340
2.5 220 180 160 80 220 340 320
2.51 200 180 140 80 220 320 320
2.52 200 180 160 80 220 340 340
2.53 180 160 160 100 180 340 340
2.54 180 160 160 100 180 360 320
2.55 160 140 160 80 140 340 320
2.56 180 160 160 80 180 340 320
2.57 180 180 160 80 180 320 320
2.58 180 180 140 80 180 320 320
2.59 180 180 160 80 180 320 320
2.6 160 180 140 100 180 320 320
2.61 160 180 140 80 160 320 340
2.62 160 140 100 60 160 340 320
2.63 160 140 80 40 160 320 320
2.64 140 120 40 20 140 300 320
2.65 160 140 20 0 160 300 320
2.66 140 120 0 0 140 300 300
2.67 140 140 0 0 140 280 300
2.68 140 140 0 0 140 300 300
2.69 140 140 0 0 140 300 300
2.7 120 140 0 0 120 300 300
2.71 140 140 0 0 140 300 300
2.72 120 120 0 0 120 300 300
2.73 120 120 0 0 120 300 300
2.74 140 140 0 0 120 300 300
2.75 140 120 0 0 140 300 280
2.76 120 120 0 0 120 300 280
2.77 120 120 0 0 120 300 280
2.78 140 140 0 0 140 300 280
2.79 120 120 0 0 140 300 280
2.8 120 120 0 0 120 300 300
2.81 140 120 0 0 120 300 300
2.82 140 140 0 0 140 300 300
2.83 120 120 0 0 120 300 300
2.84 120 120 0 0 120 280 300
2.85 140 140 0 0 120 300 300
2.86 120 140 0 0 140 280 300
2.87 120 120 0 0 120 280 300
2.88 120 120 0 0 120 280 300
2.89 140 140 0 0 140 300 300
2.9 120 120 0 0 140 280 300
2.91 120 120 0 0 120 300 300
2.92 120 140 0 0 120 300 300
2.93 140 140 0 0 140 300 300
2.94 120 140 0 0 120 300 300
2.95 120 120 0 0 120 300 280
2.96 140 140 0 0 120 300 300
2.97 140 120 0 0 140 300 280
2.98 140 140 0 0 120 300 280
2.99 140 120 0 0 120 300 280
3 140 140 0 0 140 300 300
3.01 120 120 0 0 140 300 280
3.02 140 140 0 0 140 300 300
3.03 120 120 0 0 120 300 300
3.04 120 120 0 0 140 300 300
3.05 140 120 0 0 120 300 300
3.06 140 140 0 0 140 300 300
3.07 120 120 0 0 120 280 300
3.08 120 120 0 0 140 280 300
3.09 140 140 0 0 120 280 300
3.1 120 140 0 0 140 280 300
3.11 120 120 0 0 120 280 300
3.12 120 120 0 20 120 300 300
3.13 140 140 20 60 140 320 300
3.14 140 140 40 80 160 320 300
3.15 160 180 60 120 180 320 320
3.16 180 200 60 160 200 320 320
3.17 200 220 80 160 220 340 340
3.18 180 220 80 160 200 320 340
3.19 180 200 80 160 200 320 360
3.2 180 180 80 160 180 340 340
3.21 180 180 100 140 180 340 340
3.22 180 200 100 160 180 320 340
3.23 200 200 80 160 220 320 340
3.24 180 200 80 160 200 320 320
3.25 180 200 80 160 180 300 340
3.26 180 180 80 160 180 300 340
3.27 180 160 80 160 180 320 320
3.28 160 140 100 140 140 320 320
3.29 180 160 100 160 160 320 340
3.3 180 160 80 140 180 320 320
3.31 180 180 80 160 180 340 320
3.32 160 180 80 160 160 320 340
3.33 180 200 80 160 180 320 340
3.34 180 200 80 160 180 320 320
3.35 180 220 100 160 200 340 320
3.36 160 200 100 160 180 320 340
3.37 180 200 80 140 200 320 320
3.38 180 200 80 160 200 320 340
3.39 160 180 80 160 180 340 340
3.4 160 160 80 160 160 320 360
3.41 180 200 80 160 180 320 340
3.42 200 200 100 160 200 340 340
3.43 200 200 80 160 220 340 320
3.44 200 220 80 140 220 320 340
3.45 180 200 80 160 200 320 320
3.46 180 180 80 140 200 320 340
3.47 160 180 80 160 180 320 340
3.48 140 160 100 160 140 320 360
3.49 160 160 100 160 160 320 340
3.5 160 180 80 160 160 320 360
3.51 160 180 80 160 160 320 340
3.52 180 200 80 160 180 320 340
3.53 180 200 80 140 200 320 320
3.54 180 200 80 160 200 320 320
3.55 200 200 100 160 200 320 320
3.56 200 180 100 160 200 320 320
3.57 160 180 80 160 180 320 320
3.58 180 200 80 160 180 320 340
3.59 160 200 80 160 180 320 340
3.6 160 180 80 140 200 340 340
3.61 160 180 80 160 180 340 340
3.62 180 180 100 140 200 320 360
3.63 160 160 100 160 180 320 340
3.64 160 140 80 160 160 320 340
3.65 160 160 80 160 160 300 340
3.66 140 180 80 160 160 300 340
3.67 140 140 80 160 140 320 340
3.68 160 160 80 160 160 320 340
3.69 160 160 100 140 160 320 340
3.7 160 160 100 160 160 320 340
3.71 160 140 80 160 160 320 340
3.72 140 160 80 160 140 300 340
3.73 140 140 80 160 140 320 340
3.74 160 160 80 160 160 320 340
3.75 160 160 80 160 160 320 340
3.76 160 160 100 140 160 320 340
3.77 180 160 100 160 180 320 340
3.78 160 160 80 140 160 320 340
3.79 160 160 80 160 160 320 340
3.8 140 160 80 160 140 320 340
3.81 160 160 80 160 160 320 340
3.82 160 160 80 160 160 340 320
3.83 180 180 100 160 180 320 320
3.84 160 180 100 160 180 320 340
3.85 180 180 80 140 200 320 320
3.86 180 200 80 160 180 320 340
3.87 160 180 80 160 180 320 340
3.88 160 180 80 160 180 320 360
3.89 180 180 80 160 180 320 340
3.9 180 180 100 160 160 320 340
3.91 160 180 100 160 200 340 320
3.92 160 180 80 140 180 320 340
3.93 160 180 80 160 160 320 320
3.94 140 160 80 140 160 320 340
3.95 140 160 80 160 180 320 340
3.96 140 140 80 160 140 300 360
3.97 160 160 100 160 160 320 340
3.98 160 180 80 160 200 320 340
3.99 200 200 80 160 220 320 340
4 180 200 80 160 200 320 340
4.01 220 220 80 140 240 340 320
4.02 200 220 80 160 240 320 340
4.03 200 200 100 160 220 320 340
4.04 180 220 100 160 220 340 320
4.05 180 220 80 160 220 340 340
4.06 160 220 80 160 220 320 340
4.07 180 220 80 160 200 340 320
4.08 160 200 80 140 200 340 340
4.09 160 180 80 160 180 320 340
4.1 160 180 100 140 180 320 340
4.11 160 160 80 140 180 320 340
4.12 140 140 60 100 160 300 340
4.13 140 140 40 80 160 300 320
4.14 140 140 20 40 160 300 320
4.15 140 120 0 20 160 300 300
4.16 120 120 0 0 120 300 300
4.17 120 140 0 0 140 300 300
4.18 140 140 0 0 140 300 300
4.19 120 120 0 0 120 300 300
4.2 120 120 0 0 120 300 280
4.21 140 140 0 0 120 300 280
4.22 140 120 0 0 140 300 280
4.23 120 120 0 0 120 300 280
4.24 120 120 0 0 120 300 280
4.25 140 140 0 0 140 300 300
4.26 120 120 0 0 140 300 300
4.27 120 120 0 0 120 300 300
4.28 140 120 0 0 120 300 300
4.29 140 140 0 0 140 300 300
4.3 140 120 0 0 120 300 300
4.31 120 120 0 0 120 280 300
4.32 140 140 0 0 120 280 300
4.33 120 140 0 0 140 280 300
4.34 140 140 0 0 120 280 300
4.35 120 140 0 0 120 280 300
4.36 140 140 0 0 140 300 300
4.37 120 120 0 0 140 300 300
4.38 140 140 0 0 140 300 300
4.39 120 120 0 0 120 300 300
4.4 120 120 0 0 140 300 300
4.41 120 140 0 0 120 300 300
4.42 140 140 0 0 140 300 300
4.43 120 120 0 0 120 300 280
4.44 120 120 0 0 140 300 280
4.45 140 140 0 0 120 300 280
4.46 140 120 0 0 140 300 280
4.47 120 120 0 0 120 300 280
4.48 120 120 0 0 120 300 300
4.49 140 140 0 0 140 300 300
4.5 120 120 0 0 140 300 300
4.51 120 120 0 0 120 300 300
4.52 140 120 0 0 120 300 300
4.53 140 140 0 0 140 300 300
4.54 120 120 0 0 120 280 300
4.55 120 120 0 0 120 280 300
4.56 140 140 0 0 120 280 300
4.57 120 140 0 0 140 280 300
4.58 120 120 0 0 120 280 300
4.59 120 120 0 0 120 300 300
4.6 140 140 0 0 140 300 300
4.61 120 120 0 0 140 300 300
4.62 120 120 0 0 120 300 300
4.63 120 140 0 0 120 300 300
4.64 140 140 0 0 140 300 300
4.65 120 120 0 0 120 300 280
4.66 120 120 0 0 120 300 280
4.67 140 140 0 0 120 300 280
4.68 140 120 0 0 140 300 280
4.69 140 140 0 0 120 300 280
4.7 140 140 0 0 120 300 300
4.71 140 140 0 0 140 300 300
4.72 120 120 0 0 140 300 300
4.73 140 140 0 0 140 300 300
4.74 120 120 0 0 120 300 300
4.75 120 120 0 0 140 300 300
4.76 120 120 0 0 120 280 300
4.77 140 140 0 0 140 300 300
4.78 120 120 0 0 120 280 300
4.79 120 120 0 0 140 280 300
4.8 140 140 0 0 120 280 300
4.81 140 140 0 0 140 300 300
4.82 120 120 0 0 120 280 300
4.83 120 120 0 0 120 300 300
4.84 140 140 0 0 140 300 300
4.85 120 120 0 0 140 300 300
4.86 120 120 0 0 120 300 300
4.87 120 120 0 0 120 300 280
4.88 140 140 0 0 140 300 300
4.89 120 120 0 0 120 300 280
4.9 120 120 0 0 120 300 280
4.91 140 140 0 0 120 300 280
4.92 140 140 0 0 140 300 300
4.93 120 120 0 0 120 300 280
4.94 120 120 0 0 120 300 300
4.95 140 140 0 0 140 300 300
4.96 120 120 0 0 140 300 300
4.97 120 120 0 0 120 300 300
4.98 120 120 0 0 120 280 300
4.99 140 140 0 0 140 300 300
5 120 120 0 0 120 280 300
5.01 120 120 0 0 120 280 300
5.02 140 140 0 0 120 280 300
5.03 140 140 0 0 140 300 300
5.04 140 140 0 0 120 280 300
5.05 140 140 0 0 120 300 300
5.06 140 140 0 0 140 300 300
5.07 120 120 0 0 140 300 300
5.08 140 140 0 0 140 300 300
5.09 120 120 0 0 120 300 300
5.1 120 120 0 0 140 300 300
5.11 120 120 0 0 120 300 280
5.12 140 140 0 0 140 300 280
5.13 120 120 0 0 120 300 280
5.14 120 120 0 0 140 300 280
5.15 140 140 0 0 120 300 280
5.16 140 140 0 0 140 300 300
5.17 120 120 0 0 120 300 300
5.18 120 120 0 0 120 300 300
5.19 140 140 0 0 140 300 300
5.2 120 120 0 0 140 300 300
5.21 120 120 0 0 120 300 300
5.22 120 120 0 0 120 280 300
5.23 140 140 0 0 140 280 300
5.24 120 120 0 0 120 280 300
5.25 120 120 0 0 120 280 300
5.26 140 140 0 0 120 280 300
5.27 140 140 0 0 140 300 300
5.28 120 120 0 0 120 300 300
5.29 120 120 0 0 120 300 300
5.3 140 140 0 0 140 300 300
5.31 120 120 0 0 140 300 300
5.32 120 120 0 0 120 300 300
5.33 120 120 0 0 120 300 280
5.34 140 140 0 0 140 300 280
5.35 120 120 0 0 120 300 280
5.36 120 120 0 0 120 300 280
5.37 140 140 0 0 120 300 280
5.38 140 140 0 0 140 300 300
5.39 140 140 0 0 120 300 300
5.4 140 120 0 0 120 300 300
5.41 140 140 0 0 140 300 300
5.42 120 120 0 0 140 300 300
5.43 140 140 0 0 140 300 300
5.44 120 120 0 0 120 300 300
5.45 120 140 0 0 140 280 300
5.46 120 120 0 0 120 280 300
5.47 140 140 0 0 140 280 300
5.48 120 120 0 0 120 280 300
5.49 120 120 0 0 140 280 300
5.5 120 140 0 0 120 300 300
5.51 140 140 0 0 140 300 300
5.52 120 120 0 0 120 300 300
5.53 120 120 0 0 120 300 300
5.54 140 140 0 0 140 300 300
5.55 140 120 0 0 140 300 300
5.56 120 120 0 0 120 300 300
5.57 120 120 0 0 120 300 280
5.58 140 140 0 0 140 300 280
5.59 120 120 0 0 120 300 280
