0 0 0 0 0 0 0 0
0.01 0 0 0 0 0 0 0
0.02 0 0 0 0 0 40 40
0.03 0 0 0 0 0 60 60
0.04 0 0 0 0 0 100 100
0.05 0 0 0 0 0 120 120
0.06 0 0 0 0 0 140 140
0.07 0 0 0 0 0 140 140
0.08 0 0 0 0 0 140 140
0.09 0 0 0 0 0 120 120
0.1 0 0 0 0 0 140 140
0.11 0 0 0 0 0 140 140
0.12 0 0 0 20 0 120 140
0.13 0 0 20 60 0 100 180
0.14 0 0 40 80 0 80 220
0.15 0 0 60 120 0 40 240
0.16 20 0 60 160 0 20 300
0.17 20 0 80 160 0 0 320
0.18 40 0 80 160 20 20 320
0.19 40 0 80 160 20 20 300
0.2 40 0 80 160 20 20 300
0.21 40 0 100 140 20 20 280
0.22 40 0 100 160 20 40 280
0.23 20 0 80 160 0 20 280
0.24 20 0 80 160 0 20 300
0.25 40 0 80 160 20 40 280
0.26 20 0 80 160 20 40 280
0.27 20 0 80 160 20 20 280
0.28 40 0 100 160 20 20 280
0.29 40 0 100 160 20 20 280
0.3 40 0 100 160 20 0 320
0.31 40 0 80 160 20 0 320
0.32 60 0 80 160 40 0 320
0.33 60 0 80 140 60 0 320
0.34 60 0 80 160 60 0 320
0.35 60 0 80 160 40 0 300
0.36 60 0 100 160 60 0 300
0.37 60 0 100 160 60 0 320
0.38 40 0 80 160 40 0 320
0.39 60 0 80 160 60 0 320
0.4 60 0 80 140 80 0 320
0.41 60 0 80 160 60 0 320
0.42 60 0 80 160 60 0 300
0.43 60 0 100 160 60 0 300
0.44 60 0 100 160 60 0 320
0.45 40 0 80 160 40 0 320
0.46 60 0 80 160 60 0 320
0.47 60 0 80 140 60 0 320
0.48 60 0 80 160 60 0 320
0.49 60 0 80 160 60 0 300
0.5 80 0 100 160 60 0 320
0.51 60 0 100 160 60 0 320
0.52 40 0 80 160 40 0 320
0.53 60 0 80 160 60 0 320
0.54 60 0 80 140 60 0 320
0.55 40 0 80 160 60 0 300
0.56 60 0 80 160 60 0 320
0.57 80 0 100 160 60 0 320
0.58 60 0 100 160 60 0 320
0.59 40 0 100 160 40 0 320
0.6 60 0 80 160 60 0 320
0.61 60 0 80 140 60 0 300
0.62 40 0 80 160 60 0 300
0.63 60 0 80 160 60 0 320
0.64 80 0 80 160 60 0 320
0.65 60 0 100 160 60 0 320
0.66 40 0 100 160 40 0 320
0.67 60 0 80 160 60 0 320
0.68 60 0 80 160 60 0 300
0.69 40 0 80 160 60 0 300
0.7 60 0 80 160 60 0 320
0.71 80 0 80 160 60 0 320
0.72 60 0 100 160 60 0 320
0.73 40 0 100 140 40 0 320
0.74 60 0 80 160 60 0 320
0.75 60 0 80 160 60 0 300
0.76 40 0 80 160 60 0 300
0.77 60 0 80 160 60 0 320
0.78 80 0 80 160 60 0 320
0.79 60 0 100 160 60 0 320
0.8 60 0 100 140 40 0 320
0.81 60 0 80 160 60 0 320
0.82 60 0 80 160 60 0 300
0.83 40 0 80 160 60 0 300
0.84 60 0 80 160 60 0 320
0.85 60 0 80 160 80 0 320
0.86 60 0 100 160 60 0 320
0.87 60 0 100 140 40 0 320
0.88 60 0 100 160 60 0 320
0.89 60 0 80 160 60 0 300
0.9 40 0 80 160 40 0 300
0.91 60 0 80 160 60 20 320
0.92 40 0 80 160 60 20 300
0.93 40 0 80 160 40 20 300
0.94 40 0 100 140 20 20 300
0.95 40 0 100 160 20 20 300
0.96 40 0 80 160 20 0 280
0.97 40 0 80 160 20 0 320
0.98 60 0 80 160 40 20 320
0.99 40 0 80 160 40 20 300
1 40 0 80 160 40 20 300
1.01 40 0 100 140 20 20 300
1.02 40 0 100 160 20 20 280
1.03 40 0 80 160 20 0 300
1.04 40 0 80 160 20 0 320
1.05 60 0 80 160 40 20 320
1.06 40 0 80 160 40 20 300
1.07 40 0 80 160 40 20 300
1.08 40 0 100 160 20 20 280
1.09 40 0 100 160 20 40 280
1.1 20 0 80 160 0 20 280
1.11 20 0 80 160 0 20 300
1.12 40 0 80 160 20 40 280
1.13 20 0 80 140 20 40 280
1.14 20 0 80 160 20 20 280
1.15 40 0 100 160 20 20 280
1.16 40 0 100 160 20 20 280
1.17 40 0 100 160 20 0 320
1.18 40 0 80 160 20 0 320
1.19 60 0 80 160 40 0 320
1.2 60 0 80 140 60 0 320
1.21 60 0 80 160 60 0 320
1.22 60 0 80 160 40 0 300
1.23 60 0 100 160 60 0 300
1.24 60 0 100 160 60 0 320
1.25 40 0 80 160 40 0 320
1.26 60 0 80 160 60 0 320
1.27 60 0 80 140 80 0 320
1.28 60 0 80 160 60 0 320
1.29 60 0 80 160 60 0 300
1.3 60 0 100 160 60 0 300
1.31 60 0 100 160 60 0 320
1.32 40 0 80 160 40 0 320
1.33 60 0 80 160 60 0 320
1.34 60 0 80 140 60 0 320
1.35 60 0 80 160 60 0 320
1.36 60 0 80 160 60 0 300
1.37 80 0 100 160 60 0 320
1.38 60 0 100 160 60 0 320
1.39 40 0 80 160 40 0 320
1.4 60 0 80 160 60 0 320
1.41 60 0 80 140 60 0 320
1.42 40 0 80 160 60 0 300
1.43 60 0 80 160 60 0 320
1.44 80 0 100 160 60 0 320
1.45 60 0 100 160 60 0 320
1.46 40 0 100 160 40 0 320
1.47 60 0 80 160 60 0 320
1.48 60 0 80 140 60 0 300
1.49 40 0 80 160 60 0 300
1.5 60 0 80 160 60 0 320
1.51 80 0 80 160 60 0 320
1.52 60 0 100 160 60 0 320
1.53 40 0 100 160 40 0 320
1.54 60 0 80 160 60 0 320
1.55 60 0 80 160 60 0 300
1.56 40 0 80 160 60 0 300
1.57 60 0 80 160 60 0 320
1.58 80 0 80 160 60 0 320
1.59 60 0 100 160 60 0 320
1.6 40 0 100 140 40 0 320
1.61 60 0 80 160 60 0 320
1.62 60 0 80 160 60 0 300
1.63 40 0 80 160 60 0 300
1.64 60 0 80 160 60 0 320
1.65 80 0 80 160 60 0 320
1.66 60 0 100 160 60 0 320
1.67 60 0 100 140 40 0 320
1.68 60 0 80 160 60 0 320
1.69 60 0 80 160 60 0 300
1.7 40 0 80 160 60 0 300
1.71 60 0 80 160 60 0 320
1.72 60 0 80 160 80 0 320
1.73 60 0 100 160 60 0 320
1.74 60 0 100 140 40 0 320
1.75 60 0 100 160 60 0 320
1.76 60 0 80 160 60 0 300
1.77 40 0 80 160 40 0 320
1.78 60 0 80 160 60 20 320
1.79 40 0 80 160 60 20 300
1.8 40 0 80 160 40 20 300
1.81 40 0 100 140 20 20 300
1.82 40 0 100 160 20 20 280
1.83 40 0 80 160 20 0 300
1.84 40 0 80 160 20 0 320
1.85 60 0 80 160 40 20 320
1.86 40 0 80 160 40 20 300
1.87 40 0 80 160 40 20 300
1.88 40 0 100 140 20 20 280
1.89 40 0 100 160 20 20 280
1.9 40 0 80 160 20 0 300
1.91 40 0 80 160 20 0 320
1.92 60 0 80 160 40 20 320
1.93 40 0 80 160 40 20 300
1.94 40 0 80 160 40 20 300
1.95 40 0 100 160 20 20 280
1.96 40 0 100 160 20 40 280
1.97 20 0 80 160 0 20 280
1.98 20 0 80 160 0 20 300
1.99 40 0 80 160 20 40 280
2 20 0 80 140 20 40 280
2.01 20 0 80 160 20 20 280
2.02 40 0 100 160 20 20 280
2.03 40 0 100 160 20 20 280
2.04 40 0 100 160 20 0 320
2.05 40 0 80 160 20 0 320
2.06 60 0 80 160 40 0 320
2.07 60 0 80 140 60 0 320
2.08 60 0 80 160 60 0 320
2.09 60 0 80 160 40 0 300
2.1 60 0 100 160 60 0 300
2.11 60 0 80 120 60 20 280
2.12 40 0 60 100 40 20 260
2.13 40 0 40 60 40 20 260
2.14 20 0 20 20 40 20 240
2.15 20 0 0 0 20 20 220
2.16 0 0 0 0 0 0 240
2.17 0 0 0 0 0 0 240
2.18 0 0 0 0 0 0 220
2.19 0 0 0 0 0 0 240
2.2 0 0 0 0 0 0 240
2.21 0 0 0 0 0 0 240
2.22 0 0 0 0 0 0 240
2.23 0 0 0 0 0 0 240
2.24 0 0 0 0 0 0 240
2.25 0 0 0 0 0 0 240
2.26 0 0 0 0 0 0 220
2.27 0 0 0 0 0 0 240
2.28 0 0 0 0 0 0 240
2.29 0 0 0 0 0 0 220
2.3 0 0 0 0 0 0 240
2.31 0 0 0 0 0 0 240
2.32 0 0 0 0 0 0 220
2.33 0 0 0 0 0 0 240
2.34 0 0 0 0 0 0 240
2.35 0 0 0 0 0 0 220
2.36 0 0 0 0 0 0 240
2.37 0 0 0 0 0 0 240
2.38 0 0 0 0 0 0 240
2.39 0 0 0 0 0 0 240
2.4 0 0 0 0 0 0 240
2.41 0 0 0 0 0 0 240
2.42 0 0 0 0 0 0 240
2.43 0 0 0 0 0 0 220
2.44 0 0 0 0 0 0 240
2.45 0 0 0 0 0 0 240
2.46 0 0 0 0 0 0 220
2.47 0 0 0 0 0 0 240
2.48 0 0 0 0 0 0 240
2.49 0 0 0 0 0 0 220
2.5 0 0 0 0 0 0 240
2.51 0 0 0 0 0 0 240
2.52 0 0 0 0 0 0 220
2.53 0 0 0 0 0 0 240
2.54 0 0 0 0 0 0 240
2.55 0 0 0 0 0 0 240
2.56 0 0 0 0 0 0 240
2.57 0 0 0 0 0 0 240
2.58 0 0 0 0 0 0 240
2.59 0 0 0 0 0 0 240
2.6 0 0 0 0 0 0 220
2.61 0 0 0 0 0 0 240
2.62 0 0 0 0 0 0 240
2.63 0 0 0 0 0 0 220
2.64 0 0 0 0 0 0 240
2.65 0 0 0 0 0 0 240
2.66 0 0 0 0 0 0 220
2.67 0 0 0 0 0 0 240
2.68 0 0 0 0 0 0 240
2.69 0 0 0 0 0 0 220
2.7 0 0 0 0 0 0 240
2.71 0 0 0 0 0 0 240
2.72 0 0 0 0 0 0 240
2.73 0 0 0 0 0 0 240
2.74 0 0 0 0 0 0 240
2.75 0 0 0 0 0 0 240
2.76 0 0 0 0 0 0 240
2.77 0 0 0 0 0 0 220
2.78 0 0 0 0 0 0 240
2.79 0 0 0 0 0 0 240
2.8 0 0 0 0 0 0 220
2.81 0 0 0 0 0 0 240
2.82 0 0 0 0 0 0 240
2.83 0 0 0 0 0 0 220
2.84 0 0 0 0 0 0 240
2.85 0 0 0 0 0 0 240
2.86 0 0 0 0 0 0 220
2.87 0 0 0 0 0 0 240
2.88 0 0 0 0 0 0 240
2.89 0 0 0 0 0 0 240
2.9 0 0 0 0 0 0 240
2.91 0 0 0 0 0 0 240
2.92 0 0 0 0 0 0 240
2.93 0 0 0 0 0 0 240
2.94 0 0 0 0 0 0 220
2.95 0 0 0 0 0 0 240
2.96 0 0 0 0 0 0 240
2.97 0 0 0 0 0 0 220
2.98 0 0 0 0 0 0 240
2.99 0 0 0 0 0 0 240
3 0 0 0 0 0 0 220
3.01 0 0 0 0 0 0 240
3.02 0 0 0 0 0 0 240
3.03 0 0 0 0 0 0 220
3.04 0 0 0 0 0 0 240
3.05 0 0 0 0 0 0 240
3.06 0 0 0 0 0 0 240
3.07 0 0 0 0 0 0 240
3.08 0 0 0 0 0 0 240
3.09 0 0 0 0 0 0 240
3.1 0 0 0 0 0 0 240
3.11 0 0 0 0 0 0 220
3.12 0 0 0 0 0 0 240
3.13 0 0 0 0 0 0 240
3.14 0 0 0 0 0 0 220
3.15 0 0 0 0 0 0 240
3.16 0 0 0 0 0 0 240
3.17 0 0 0 0 0 0 220
3.18 0 0 0 0 0 0 240
3.19 0 0 0 0 0 0 240
3.2 0 0 0 0 0 0 220
3.21 0 0 0 0 0 0 240
3.22 0 0 0 0 0 0 240
3.23 0 0 0 0 0 0 240
3.24 0 0 0 0 0 0 240
3.25 0 0 0 0 0 0 240
3.26 0 0 0 0 0 0 240
3.27 0 0 0 0 0 0 240
3.28 0 0 0 0 0 0 220
3.29 0 0 0 0 0 0 240
3.3 0 0 0 0 0 0 240
3.31 0 0 0 0 0 0 220
3.32 0 0 0 0 0 0 240
3.33 0 0 0 0 0 0 240
3.34 0 0 0 0 0 0 220
3.35 0 0 0 0 0 0 240
3.36 0 0 0 0 0 0 240
3.37 0 0 0 0 0 0 220
3.38 0 0 0 0 0 0 240
3.39 0 0 0 0 0 0 240
3.4 0 0 0 0 0 0 240
3.41 0 0 0 0 0 0 240
3.42 0 0 0 0 0 0 240
3.43 0 0 0 0 0 0 240
3.44 0 0 0 0 0 0 240
3.45 0 0 0 0 0 0 220
3.46 0 0 0 0 0 0 240
3.47 0 0 0 0 0 0 240
3.48 0 0 0 0 0 0 220
3.49 0 0 0 0 0 0 240
3.5 0 0 0 0 0 0 240
3.51 0 0 0 0 0 0 220
3.52 0 0 0 0 0 0 240
3.53 0 0 0 0 0 0 240
3.54 0 0 0 0 0 0 220
3.55 0 0 0 0 0 0 240
3.56 0 0 0 0 0 0 240
3.57 0 0 0 0 0 0 240
3.58 0 0 0 0 0 0 240
3.59 0 0 0 0 0 0 240
3.6 0 0 0 0 0 0 240
3.61 0 0 0 0 0 0 240
3.62 0 0 0 0 0 0 220
3.63 0 0 0 0 0 0 240
3.64 0 0 0 0 0 0 240
3.65 0 0 0 0 0 0 220
3.66 0 0 0 0 0 0 240
3.67 0 0 0 0 0 0 240
3.68 0 0 0 0 0 0 220
3.69 0 0 0 0 0 0 240
3.7 0 0 0 0 0 0 240
3.71 0 0 0 0 0 0 220
3.72 0 0 0 0 0 0 240
3.73 0 0 0 0 0 0 240
3.74 0 0 0 0 0 0 240
3.75 0 0 0 0 0 0 240
3.76 0 0 0 0 0 0 240
3.77 0 0 0 0 0 0 240
3.78 0 0 0 0 0 0 240
3.79 0 0 0 0 0 0 220
3.8 0 0 0 0 0 0 240
3.81 0 0 0 0 0 0 240
3.82 0 0 0 0 0 0 220
3.83 0 0 0 0 0 0 240
3.84 0 0 0 0 0 0 240
3.85 0 0 0 0 0 0 220
3.86 0 0 0 0 0 0 240
3.87 0 0 0 0 0 0 240
3.88 0 0 0 0 0 0 220
3.89 0 0 0 0 0 0 240
3.9 0 0 0 0 0 0 240
3.91 0 0 0 0 0 0 240
3.92 0 0 0 0 0 0 240
3.93 0 0 0 0 0 0 240
3.94 0 0 0 0 0 0 240
3.95 0 0 0 0 0 0 240
3.96 0 0 0 0 0 0 220
3.97 0 0 0 0 0 0 240
3.98 0 0 0 0 0 0 240
3.99 0 0 0 0 0 0 220
4 0 0 0 0 0 0 240
4.01 0 0 0 0 0 0 240
4.02 0 0 0 0 0 0 220
4.03 0 0 0 0 0 0 240
4.04 0 0 0 0 0 0 240
4.05 0 0 0 0 0 0 220
4.06 0 0 0 0 0 0 240
4.07 0 0 0 0 0 0 240
4.08 0 0 0 0 0 0 240
4.09 0 0 0 0 0 0 240
4.1 0 0 0 0 0 0 240
4.11 0 0 0 0 0 0 240
4.12 0 0 20 0 0 0 240
4.13 0 0 60 20 0 40 200
4.14 0 0 80 40 0 60 200
4.15 0 0 120 60 0 120 160
4.16 0 0 160 60 0 180 120
4.17 0 0 160 80 0 240 80
4.18 0 0 160 80 0 260 60
4.19 0 20 160 80 0 300 20
4.2 0 40 160 80 0 300 20
4.21 0 40 140 100 20 300 0
4.22 0 60 160 100 20 300 0
4.23 0 60 160 80 40 320 0
4.24 0 60 160 80 60 320 0
4.25 0 40 160 80 60 320 0
4.26 0 60 160 80 60 320 0
4.27 0 60 160 80 80 320 0
4.28 0 60 160 100 60 300 0
4.29 0 60 160 100 40 300 0
4.3 0 60 160 80 60 320 0
4.31 0 60 160 80 60 320 0
4.32 0 40 160 80 40 320 0
4.33 0 60 140 80 60 320 0
4.34 0 60 160 80 80 320 0
4.35 0 60 160 100 60 300 0
4.36 0 60 160 100 40 300 0
4.37 0 60 160 100 60 320 0
4.38 0 60 160 80 60 320 0
4.39 0 40 160 80 40 320 0
4.4 0 60 140 80 60 320 0
4.41 0 60 160 80 80 320 0
4.42 0 60 160 80 60 300 0
4.43 0 60 160 100 40 300 0
4.44 0 60 160 100 60 320 0
4.45 0 60 160 80 60 320 0
4.46 0 40 160 80 40 320 0
4.47 0 60 140 80 60 320 0
4.48 0 60 160 80 80 320 0
4.49 0 60 160 80 60 300 0
4.5 0 60 160 100 40 300 0
4.51 0 60 160 100 60 320 0
4.52 0 60 160 80 60 320 0
4.53 0 40 160 80 40 320 0
4.54 0 60 140 80 60 320 0
4.55 0 60 160 80 80 320 0
4.56 0 60 160 80 60 300 0
4.57 0 60 160 100 40 320 0
4.58 0 60 160 100 60 320 0
4.59 0 60 160 80 60 320 0
4.6 0 40 160 80 40 320 0
4.61 0 60 140 80 60 320 0
4.62 0 60 160 80 80 300 0
4.63 0 60 160 80 60 320 0
4.64 0 60 160 100 40 320 20
4.65 0 60 160 100 60 300 20
4.66 0 40 160 100 40 300 20
4.67 0 20 160 80 20 300 20
4.68 0 40 160 80 20 280 20
4.69 0 40 160 80 40 280 0
4.7 0 40 160 80 20 320 0
4.71 0 60 160 80 40 300 20
4.72 0 60 160 100 40 300 20
4.73 0 40 140 100 40 300 20
4.74 0 20 160 80 20 300 20
4.75 0 40 160 80 20 280 20
4.76 0 40 160 80 20 300 0
4.77 0 40 160 80 20 320 0
4.78 0 60 160 80 40 320 20
4.79 0 60 160 100 40 320 20
4.8 0 40 140 100 40 300 20
4.81 0 20 160 80 20 300 20
4.82 0 40 160 80 20 280 40
4.83 0 20 160 80 0 280 20
4.84 0 20 160 80 0 280 20
4.85 0 40 160 80 0 280 40
4.86 0 40 160 100 20 280 40
4.87 0 20 140 100 20 280 20
4.88 0 20 160 80 20 280 20
4.89 0 40 160 80 20 280 20
4.9 0 40 160 80 40 300 0
4.91 0 40 160 80 20 320 0
4.92 0 60 160 80 40 320 0
4.93 0 80 160 100 40 320 0
4.94 0 60 140 100 60 320 0
4.95 0 40 160 100 40 320 0
4.96 0 60 160 80 60 300 0
4.97 0 60 160 80 60 320 0
4.98 0 40 160 80 60 320 0
4.99 0 60 160 80 60 320 0
5 0 80 160 80 60 320 0
5.01 0 60 140 100 60 320 0
5.02 0 40 160 100 40 300 0
5.03 0 60 160 80 60 320 0
5.04 0 60 160 80 60 320 0
5.05 0 40 160 80 60 320 0
5.06 0 60 160 80 60 320 0
5.07 0 80 160 80 60 320 0
5.08 0 60 140 100 60 300 0
5.09 0 60 160 100 40 300 0
5.1 0 60 160 80 60 320 0
5.11 0 60 160 80 60 320 0
5.12 0 40 160 80 60 320 0
5.13 0 60 160 80 60 320 0
5.14 0 60 160 80 80 320 0
5.15 0 60 160 100 60 300 0
5.16 0 60 160 100 40 300 0
5.17 0 60 160 80 60 320 0
5.18 0 60 160 80 60 320 0
5.19 0 40 160 80 40 320 0
5.2 0 60 140 80 60 320 0
5.21 0 60 160 80 80 320 0
5.22 0 60 160 100 60 300 0
5.23 0 60 160 100 40 300 0
5.24 0 60 160 100 60 320 0
5.25 0 60 160 80 60 320 0
5.26 0 40 160 80 40 320 0
5.27 0 60 140 80 60 320 0
5.28 0 60 160 80 80 320 0
5.29 0 60 160 80 60 300 0
5.3 0 60 160 100 40 300 0
5.31 0 60 160 100 60 320 0
5.32 0 60 160 80 60 320 0
5.33 0 40 160 80 40 320 0
5.34 0 60 140 80 60 320 0
5.35 0 60 160 80 80 320 0
5.36 0 60 160 80 60 300 0
5.37 0 60 160 100 40 320 0
5.38 0 60 160 100 60 320 0
5.39 0 60 160 80 60 320 0
5.4 0 40 160 80 40 320 0
5.41 0 60 140 80 60 320 0
5.42 0 60 160 80 80 300 0
5.43 0 60 160 80 60 320 0
5.44 0 60 160 100 40 320 0
5.45 0 60 160 100 60 320 0
5.46 0 60 160 80 60 320 0
5.47 0 40 160 80 40 320 0
5.48 0 60 140 80 60 300 0
5.49 0 60 160 80 80 300 0
5.5 0 60 160 80 60 320 0
5.51 0 60 160 100 40 320 20
5.52 0 60 160 100 60 300 20
5.53 0 40 160 100 40 300 20
5.54 0 20 160 80 20 300 20
5.55 0 40 160 80 20 280 20
5.56 0 40 160 80 40 280 0
5.57 0 40 160 80 20 320 0
5.58 0 60 160 80 40 300 20
5.59 0 60 160 100 40 300 20
5.6 0 40 140 100 40 300 20
5.61 0 20 160 80 20 300 20
5.62 0 40 160 80 20 280 20
5.63 0 40 160 80 20 300 0
5.64 0 40 160 80 20 320 0
5.65 0 60 160 80 40 320 20
5.66 0 60 160 100 40 320 20
5.67 0 40 140 100 40 300 20
5.68 0 20 160 80 20 300 20
5.69 0 40 160 80 20 280 40
5.7 0 20 160 80 0 280 20
5.71 0 20 160 80 0 280 20
5.72 0 40 160 80 0 280 40
5.73 0 40 160 100 20 280 40
5.74 0 20 140 100 20 280 20
5.75 0 20 160 80 20 280 20
5.76 0 40 160 80 20 280 20
5.77 0 40 160 80 40 300 0
5.78 0 40 160 80 20 320 0
5.79 0 60 160 80 40 320 0
5.8 0 80 160 100 40 320 0
5.81 0 60 140 100 60 320 0
5.82 0 40 160 100 40 320 0
5.83 0 60 160 80 60 300 0
5.84 0 60 160 80 60 320 0
5.85 0 40 160 80 60 320 0
5.86 0 60 160 80 60 320 0
5.87 0 80 160 80 60 320 0
5.88 0 60 140 100 60 320 0
5.89 0 40 160 100 40 300 0
5.9 0 60 160 80 60 320 0
5.91 0 60 160 80 60 320 0
5.92 0 40 160 80 60 320 0
5.93 0 60 160 80 60 320 0
5.94 0 80 160 80 60 320 0
5.95 0 60 160 100 60 300 0
5.96 0 60 160 100 40 300 0
5.97 0 60 160 80 60 320 0
5.98 0 60 160 80 60 320 0
5.99 0 40 160 80 60 320 0
6 0 60 140 80 60 320 0
6.01 0 60 160 80 80 320 0
6.02 0 60 160 100 60 300 0
6.03 0 60 160 100 40 300 0
6.04 0 60 160 80 60 320 0
6.05 0 60 160 80 60 320 0
6.06 0 40 160 80 40 320 0
6.07 0 60 140 80 60 320 0
6.08 0 60 160 80 80 320 0
6.09 0 60 160 100 60 300 0
6.1 0 60 160 100 40 300 0
6.11 0 60 120 80 60 300 0
6.12 0 40 100 60 40 280 0
6.13 0 20 60 40 20 280 0
6.14 0 20 20 20 20 260 0
6.15 0 0 0 0 20 240 0
6.16 0 0 0 0 0 240 0
6.17 0 0 0 0 0 240 0
6.18 0 0 0 0 0 220 0
6.19 0 0 0 0 0 240 0
6.2 0 0 0 0 0 240 0
6.21 0 0 0 0 0 220 0
6.22 0 0 0 0 0 240 0
6.23 0 0 0 0 0 240 0
6.24 0 0 0 0 0 220 0
6.25 0 0 0 0 0 240 0
6.26 0 0 0 0 0 240 0
6.27 0 0 0 0 0 220 0
6.28 0 0 0 0 0 240 0
6.29 0 0 0 0 0 240 0
6.3 0 0 0 0 0 240 0
6.31 0 0 0 0 0 240 0
6.32 0 0 0 0 0 240 0
6.33 0 0 0 0 0 240 0
6.34 0 0 0 0 0 240 0
6.35 0 0 0 0 0 220 0
6.36 0 0 0 0 0 240 0
6.37 0 0 0 0 0 240 0
6.38 0 0 0 0 0 220 0
6.39 0 0 0 0 0 240 0
6.4 0 0 0 0 0 240 0
6.41 0 0 0 0 0 220 0
6.42 0 0 0 0 0 240 0
6.43 0 0 0 0 0 240 0
6.44 0 0 0 0 0 220 0
6.45 0 0 0 0 0 240 0
6.46 0 0 0 0 0 240 0
6.47 0 0 0 0 0 240 0
6.48 0 0 0 0 0 240 0
6.49 0 0 0 0 0 240 0
6.5 0 0 0 0 0 240 0
6.51 0 0 0 0 0 240 0
6.52 0 0 0 0 0 220 0
6.53 0 0 0 0 0 240 0
6.54 0 0 0 0 0 240 0
6.55 0 0 0 0 0 220 0
6.56 0 0 0 0 0 240 0
6.57 0 0 0 0 0 240 0
6.58 0 0 0 0 0 220 0
6.59 0 0 0 0 0 240 0
6.6 0 0 0 0 0 240 0
6.61 0 0 0 0 0 220 0
6.62 0 0 0 0 0 240 0
6.63 0 0 0 0 0 240 0
6.64 0 0 0 0 0 240 0
6.65 0 0 0 0 0 240 0
6.66 0 0 0 0 0 240 0
6.67 0 0 0 0 0 240 0
6.68 0 0 0 0 0 240 0
6.69 0 0 0 0 0 220 0
6.7 0 0 0 0 0 240 0
6.71 0 0 0 0 0 240 0
6.72 0 0 0 0 0 220 0
6.73 0 0 0 0 0 240 0
6.74 0 0 0 0 0 240 0
6.75 0 0 0 0 0 220 0
6.76 0 0 0 0 0 240 0
6.77 0 0 0 0 0 240 0
6.78 0 0 0 0 0 220 0
6.79 0 0 0 0 0 240 0
6.8 0 0 0 0 0 240 0
6.81 0 0 0 0 0 240 0
6.82 0 0 0 0 0 240 0
6.83 0 0 0 0 0 240 0
6.84 0 0 0 0 0 240 0
6.85 0 0 0 0 0 240 0
6.86 0 0 0 0 0 220 0
6.87 0 0 0 0 0 240 0
6.88 0 0 0 0 0 240 0
6.89 0 0 0 0 0 220 0
6.9 0 0 0 0 0 240 0
6.91 0 0 0 0 0 240 0
6.92 0 0 0 0 0 220 0
6.93 0 0 0 0 0 240 0
6.94 0 0 0 0 0 240 0
6.95 0 0 0 0 0 220 0
6.96 0 0 0 0 0 240 0
6.97 0 0 0 0 0 240 0
6.98 0 0 0 0 0 240 0
6.99 0 0 0 0 0 240 0
7 0 0 0 0 0 240 0
7.01 0 0 0 0 0 240 0
7.02 0 0 0 0 0 240 0
7.03 0 0 0 0 0 220 0
7.04 0 0 0 0 0 240 0
7.05 0 0 0 0 0 240 0
7.06 0 0 0 0 0 220 0
7.07 0 0 0 0 0 240 0
7.08 0 0 0 0 0 240 0
7.09 0 0 0 0 0 220 0
7.1 0 0 0 0 0 240 0
7.11 0 0 0 0 0 240 0
7.12 0 0 0 0 0 220 0
7.13 0 0 0 0 0 240 0
7.14 0 0 0 0 0 240 0
7.15 0 0 0 0 0 240 0
7.16 0 0 0 0 0 240 0
7.17 0 0 0 0 0 240 0
7.18 0 0 0 0 0 240 0
7.19 0 0 0 0 0 240 0
7.2 0 0 0 0 0 220 0
7.21 0 0 0 0 0 240 0
7.22 0 0 0 0 0 240 0
7.23 0 0 0 0 0 220 0
7.24 0 0 0 0 0 240 0
7.25 0 0 0 0 0 240 0
7.26 0 0 0 0 0 220 0
7.27 0 0 0 0 0 240 0
7.28 0 0 0 0 0 240 0
7.29 0 0 0 0 0 220 0
7.3 0 0 0 0 0 240 0
7.31 0 0 0 0 0 240 0
7.32 0 0 0 0 0 240 0
7.33 0 0 0 0 0 240 0
7.34 0 0 0 0 0 240 0
7.35 0 0 0 0 0 240 0
7.36 0 0 0 0 0 240 0
7.37 0 0 0 0 0 220 0
7.38 0 0 0 0 0 240 0
7.39 0 0 0 0 0 240 0
7.4 0 0 0 0 0 220 0
7.41 0 0 0 0 0 240 0
7.42 0 0 0 0 0 240 0
7.43 0 0 0 0 0 220 0
7.44 0 0 0 0 0 240 0
7.45 0 0 0 0 0 240 0
7.46 0 0 0 0 0 220 0
7.47 0 0 0 0 0 240 0
7.48 0 0 0 0 0 240 0
7.49 0 0 0 0 0 240 0
7.5 0 0 0 0 0 240 0
7.51 0 0 0 0 0 240 0
7.52 0 0 0 0 0 240 0
7.53 0 0 0 0 0 240 0
7.54 0 0 0 0 0 220 0
7.55 0 0 0 0 0 240 0
7.56 0 0 0 0 0 240 0
7.57 0 0 0 0 0 220 0
7.58 0 0 0 0 0 240 0
7.59 0 0 0 0 0 240 0
7.6 0 0 0 0 0 220 0
7.61 0 0 0 0 0 240 0
7.62 0 0 0 0 0 240 0
7.63 0 0 0 0 0 220 0
7.64 0 0 0 0 0 240 0
7.65 0 0 0 0 0 240 0
7.66 0 0 0 0 0 240 0
7.67 0 0 0 0 0 240 0
7.68 0 0 0 0 0 240 0
7.69 0 0 0 0 0 240 0
7.7 0 0 0 0 0 240 0
7.71 0 0 0 0 0 220 0
7.72 0 0 0 0 0 240 0
7.73 0 0 0 0 0 240 0
7.74 0 0 0 0 0 220 0
7.75 0 0 0 0 0 240 0
7.76 0 0 0 0 0 240 0
7.77 0 0 0 0 0 220 0
7.78 0 0 0 0 0 240 0
7.79 0 0 0 0 0 240 0
7.8 0 0 0 0 0 220 0
7.81 0 0 0 0 0 240 0
7.82 0 0 0 0 0 240 0
7.83 0 0 0 0 0 240 0
7.84 0 0 0 0 0 240 0
7.85 0 0 0 0 0 240 0
7.86 0 0 0 0 0 240 0
7.87 0 0 0 0 0 240 0
7.88 0 0 0 0 0 220 0
7.89 0 0 0 0 0 240 0
7.9 0 0 0 0 0 240 0
7.91 0 0 0 0 0 220 0
7.92 0 0 0 0 0 240 0
7.93 0 0 0 0 0 240 0
7.94 0 0 0 0 0 220 0
7.95 0 0 0 0 0 240 0
7.96 0 0 0 0 0 240 0
7.97 0 0 0 0 0 220 0
7.98 0 0 0 0 0 240 0
7.99 0 0 0 0 0 240 0
8 0 0 0 0 0 240 0
8.01 0 0 0 0 0 240 0
8.02 0 0 0 0 0 240 0
8.03 0 0 0 0 0 240 0
8.04 0 0 0 0 0 240 0
8.05 0 0 0 0 0 220 0
8.06 0 0 0 0 0 240 0
8.07 0 0 0 0 0 240 0
8.08 0 0 0 0 0 220 0
8.09 0 0 0 0 0 240 0
8.1 0 0 0 0 0 240 0
8.11 0 0 0 0 0 220 0
8.12 0 0 20 20 0 240 0
8.13 0 20 60 60 0 240 40
8.14 0 20 80 80 0 220 60
8.15 0 20 120 120 0 220 100
8.16 0 20 160 160 0 220 140
8.17 0 20 160 160 0 200 160
8.18 0 0 160 160 0 200 160
8.19 0 0 160 160 0 200 160
8.2 0 0 160 160 0 200 160
8.21 0 0 140 140 0 200 140
8.22 0 0 160 160 0 200 160
8.23 0 0 160 160 0 200 160
8.24 0 0 160 160 0 200 160
8.25 0 0 160 160 0 200 160
8.26 0 0 160 160 0 200 160
8.27 0 0 160 160 0 200 160
8.28 0 0 160 160 0 200 140
8.29 0 0 160 160 0 200 160
8.3 0 0 160 160 0 200 160
8.31 0 0 160 160 0 200 160
8.32 0 0 160 160 0 200 160
8.33 0 0 140 140 0 200 160
8.34 0 0 160 160 0 200 160
8.35 0 0 160 160 0 200 140
8.36 0 0 160 160 0 200 160
8.37 0 0 160 160 0 200 160
8.38 0 0 160 160 0 180 160
8.39 0 0 160 160 0 200 160
8.4 0 0 140 140 0 180 160
8.41 0 0 160 160 0 200 160
8.42 0 0 160 160 0 200 140
8.43 0 0 160 160 0 200 160
8.44 0 0 160 160 0 200 160
8.45 0 0 160 160 0 200 160
8.46 0 0 160 160 0 180 160
8.47 0 0 140 140 0 180 160
8.48 0 0 160 160 0 200 160
8.49 0 0 160 160 0 180 140
8.5 0 0 160 160 0 200 160
8.51 0 0 160 160 0 200 160
8.52 0 0 160 160 0 200 160
8.53 0 0 160 160 0 200 160
8.54 0 0 140 140 0 200 160
8.55 0 0 160 160 0 200 160
8.56 0 0 160 160 0 200 160
8.57 0 0 160 160 0 200 160
8.58 0 0 160 160 0 200 160
8.59 0 0 160 160 0 200 160
8.6 0 0 160 160 0 200 160
8.61 0 0 140 140 0 200 140
8.62 0 0 160 160 0 200 160
8.63 0 0 160 160 0 200 160
8.64 0 0 160 160 0 200 160
8.65 0 0 160 160 0 200 160
8.66 0 0 160 160 0 200 160
8.67 0 0 160 160 0 200 160
8.68 0 0 160 160 0 200 140
8.69 0 0 160 160 0 200 160
8.7 0 0 160 160 0 200 160
8.71 0 0 160 160 0 180 160
8.72 0 0 160 160 0 200 160
8.73 0 0 140 140 0 180 160
8.74 0 0 160 160 0 180 160
8.75 0 0 160 160 0 200 140
8.76 0 0 160 160 0 200 160
8.77 0 0 160 160 0 200 140
8.78 0 0 160 160 0 200 160
8.79 0 0 160 160 0 200 160
8.8 0 0 140 140 0 180 160
8.81 0 0 160 160 0 200 160
8.82 0 0 160 160 0 180 160
8.83 0 0 160 160 0 200 160
8.84 0 0 160 160 0 200 160
8.85 0 0 160 160 0 200 160
8.86 0 0 160 160 0 200 160
8.87 0 0 140 140 0 200 160
8.88 0 0 160 160 0 200 160
8.89 0 0 160 160 0 200 160
8.9 0 0 160 160 0 200 160
8.91 0 0 160 160 0 200 160
8.92 0 0 160 160 0 200 160
8.93 0 0 160 160 0 200 160
8.94 0 0 140 140 0 200 140
8.95 0 0 160 160 0 200 160
8.96 0 0 160 160 0 200 160
8.97 0 0 160 160 0 200 160
8.98 0 0 160 160 0 200 160
8.99 0 0 160 160 0 200 160
9 0 0 160 160 0 200 160
9.01 0 0 140 140 0 200 140
9.02 0 0 160 160 0 200 160
9.03 0 0 160 160 0 200 160
9.04 0 0 160 160 0 180 160
9.05 0 0 160 160 0 200 160
9.06 0 0 160 160 0 180 160
9.07 0 0 160 160 0 180 160
9.08 0 0 140 140 0 180 140
9.09 0 0 160 160 0 200 160
9.1 0 0 160 160 0 200 160
9.11 0 0 160 160 0 200 160
9.12 0 0 160 160 0 200 160
9.13 0 0 160 160 0 200 160
9.14 0 0 160 160 0 200 160
9.15 0 0 160 160 0 180 140
9.16 0 0 160 160 0 200 160
9.17 0 0 160 160 0 200 160
9.18 0 0 160 160 0 200 160
9.19 0 0 160 160 0 200 160
9.2 0 0 140 140 0 200 160
9.21 0 0 160 160 0 200 160
9.22 0 0 160 160 0 200 140
9.23 0 0 160 160 0 200 160
9.24 0 0 160 160 0 200 160
9.25 0 0 160 160 0 200 160
9.26 0 0 160 160 0 200 160
9.27 0 0 140 140 0 200 160
9.28 0 0 160 160 0 200 160
9.29 0 0 160 160 0 200 160
9.3 0 0 160 160 0 200 160
9.31 0 0 160 160 0 200 160
9.32 0 0 160 160 0 200 160
9.33 0 0 160 160 0 200 160
9.34 0 0 140 140 0 200 140
9.35 0 0 160 160 0 180 160
9.36 0 0 160 160 0 200 160
9.37 0 0 160 160 0 180 160
9.38 0 0 160 160 0 200 160
9.39 0 0 160 160 0 180 160
9.4 0 0 160 160 0 200 160
9.41 0 0 140 140 0 180 140
9.42 0 0 160 160 0 200 160
9.43 0 0 160 160 0 200 140
9.44 0 0 160 160 0 200 160
9.45 0 0 160 160 0 200 160
9.46 0 0 160 160 0 200 160
9.47 0 0 160 160 0 200 160
9.48 0 0 140 140 0 180 160
9.49 0 0 160 160 0 200 160
9.5 0 0 160 160 0 200 160
9.51 0 0 160 160 0 200 160
9.52 0 0 160 160 0 200 160
9.53 0 0 160 160 0 200 160
9.54 0 0 160 160 0 200 160
9.55 0 0 160 160 0 200 140
9.56 0 0 160 160 0 200 160
9.57 0 0 160 160 0 200 160
9.58 0 0 160 160 0 200 160
9.59 0 0 160 160 0 200 160
9.6 0 0 140 140 0 200 160
9.61 0 0 160 160 0 200 160
9.62 0 0 160 160 0 200 140
9.63 0 0 160 160 0 200 160
9.64 0 0 160 160 0 200 160
9.65 0 0 160 160 0 180 160
9.66 0 0 160 160 0 200 160
9.67 0 0 140 140 0 180 160
9.68 0 0 160 160 0 200 160
9.69 0 0 160 160 0 200 140
9.7 0 0 160 160 0 200 160
9.71 0 0 160 160 0 200 160
9.72 0 0 160 160 0 200 160
9.73 0 0 160 160 0 180 160
9.74 0 0 140 140 0 180 160
9.75 0 0 160 160 0 200 160
9.76 0 0 160 160 0 180 140
9.77 0 0 160 160 0 200 160
9.78 0 0 160 160 0 200 160
9.79 0 0 160 160 0 200 160
9.8 0 0 160 160 0 200 160
9.81 0 0 140 140 0 200 160
9.82 0 0 160 160 0 200 160
9.83 0 0 160 160 0 200 160
9.84 0 0 160 160 0 200 160
9.85 0 0 160 160 0 200 160
9.86 0 0 160 160 0 200 160
9.87 0 0 160 160 0 200 160
9.88 0 0 140 140 0 200 140
9.89 0 0 160 160 0 200 160
9.9 0 0 160 160 0 200 160
9.91 0 0 160 160 0 200 160
9.92 0 0 160 160 0 200 160
9.93 0 0 160 160 0 200 160
9.94 0 0 160 160 0 200 160
9.95 0 0 160 160 0 200 140
9.96 0 0 160 160 0 200 160
9.97 0 0 160 160 0 200 160
9.98 0 0 160 160 0 180 160
9.99 0 0 160 160 0 200 160
10 0 0 140 140 0 180 160
10.01 0 0 160 160 0 180 160
10.02 0 0 160 160 0 200 140
10.03 0 0 160 160 0 200 160
10.04 0 0 160 160 0 200 140
10.05 0 0 160 160 0 200 160
10.06 0 0 160 160 0 200 160
10.07 0 0 140 140 0 180 160
10.08 0 0 160 160 0 200 160
10.09 0 0 160 160 0 180 160
10.1 0 0 160 160 0 200 160
10.11 0 0 120 120 0 200 120
10.12 0 0 100 100 0 200 100
10.13 0 0 60 60 0 220 60
10.14 0 0 20 20 0 220 40
10.15 0 0 0 0 0 240 0
10.16 0 0 0 0 0 240 0
10.17 0 0 0 0 0 240 0
10.18 0 0 0 0 0 240 0
10.19 0 0 0 0 0 240 0
10.2 0 0 0 0 0 220 0
10.21 0 0 0 0 0 240 0
10.22 0 0 0 0 0 240 0
10.23 0 0 0 0 0 220 0
10.24 0 0 0 0 0 240 0
10.25 0 0 0 0 0 240 0
10.26 0 0 0 0 0 220 0
10.27 0 0 0 0 0 240 0
10.28 0 0 0 0 0 240 0
10.29 0 0 0 0 0 220 0
10.3 0 0 0 0 0 240 0
10.31 0 0 0 0 0 240 0
10.32 0 0 0 0 0 240 0
10.33 0 0 0 0 0 240 0
10.34 0 0 0 0 0 240 0
10.35 0 0 0 0 0 240 0
10.36 0 0 0 0 0 240 0
10.37 0 0 0 0 0 220 0
10.38 0 0 0 0 0 240 0
10.39 0 0 0 0 0 240 0
10.4 0 0 0 0 0 220 0
10.41 0 0 0 0 0 240 0
10.42 0 0 0 0 0 240 0
10.43 0 0 0 0 0 220 0
10.44 0 0 0 0 0 240 0
10.45 0 0 0 0 0 240 0
10.46 0 0 0 0 0 220 0
10.47 0 0 0 0 0 240 0
10.48 0 0 0 0 0 240 0
10.49 0 0 0 0 0 240 0
10.5 0 0 0 0 0 240 0
10.51 0 0 0 0 0 240 0
10.52 0 0 0 0 0 240 0
10.53 0 0 0 0 0 240 0
10.54 0 0 0 0 0 220 0
10.55 0 0 0 0 0 240 0
10.56 0 0 0 0 0 240 0
10.57 0 0 0 0 0 220 0
10.58 0 0 0 0 0 240 0
10.59 0 0 0 0 0 240 0
10.6 0 0 0 0 0 220 0
10.61 0 0 0 0 0 240 0
10.62 0 0 0 0 0 240 0
10.63 0 0 0 0 0 220 0
10.64 0 0 0 0 0 240 0
10.65 0 0 0 0 0 240 0
10.66 0 0 0 0 0 240 0
10.67 0 0 0 0 0 240 0
10.68 0 0 0 0 0 240 0
10.69 0 0 0 0 0 240 0
10.7 0 0 0 0 0 240 0
10.71 0 0 0 0 0 220 0
10.72 0 0 0 0 0 240 0
10.73 0 0 0 0 0 240 0
10.74 0 0 0 0 0 220 0
10.75 0 0 0 0 0 240 0
10.76 0 0 0 0 0 240 0
10.77 0 0 0 0 0 220 0
10.78 0 0 0 0 0 240 0
10.79 0 0 0 0 0 240 0
10.8 0 0 0 0 0 220 0
10.81 0 0 0 0 0 240 0
10.82 0 0 0 0 0 240 0
10.83 0 0 0 0 0 240 0
10.84 0 0 0 0 0 240 0
10.85 0 0 0 0 0 240 0
10.86 0 0 0 0 0 240 0
10.87 0 0 0 0 0 240 0
10.88 0 0 0 0 0 220 0
10.89 0 0 0 0 0 240 0
10.9 0 0 0 0 0 240 0
10.91 0 0 0 0 0 220 0
10.92 0 0 0 0 0 240 0
10.93 0 0 0 0 0 240 0
10.94 0 0 0 0 0 220 0
10.95 0 0 0 0 0 240 0
10.96 0 0 0 0 0 240 0
10.97 0 0 0 0 0 220 0
10.98 0 0 0 0 0 240 0
10.99 0 0 0 0 0 240 0
11 0 0 0 0 0 240 0
11.01 0 0 0 0 0 240 0
11.02 0 0 0 0 0 240 0
11.03 0 0 0 0 0 240 0
11.04 0 0 0 0 0 240 0
11.05 0 0 0 0 0 220 0
11.06 0 0 0 0 0 240 0
11.07 0 0 0 0 0 240 0
11.08 0 0 0 0 0 220 0
11.09 0 0 0 0 0 240 0
11.1 0 0 0 0 0 240 0
11.11 0 0 0 0 0 220 0
11.12 0 0 0 0 0 240 0
11.13 0 0 0 0 0 240 0
11.14 0 0 0 0 0 220 0
11.15 0 0 0 0 0 240 0
11.16 0 0 0 0 0 240 0
11.17 0 0 0 0 0 240 0
11.18 0 0 0 0 0 240 0
11.19 0 0 0 0 0 240 0
11.2 0 0 0 0 0 240 0
11.21 0 0 0 0 0 240 0
11.22 0 0 0 0 0 220 0
11.23 0 0 0 0 0 240 0
11.24 0 0 0 0 0 240 0
11.25 0 0 0 0 0 220 0
11.26 0 0 0 0 0 240 0
11.27 0 0 0 0 0 240 0
11.28 0 0 0 0 0 220 0
11.29 0 0 0 0 0 240 0
11.3 0 0 0 0 0 240 0
11.31 0 0 0 0 0 220 0
11.32 0 0 0 0 0 240 0
11.33 0 0 0 0 0 240 0
11.34 0 0 0 0 0 240 0
11.35 0 0 0 0 0 240 0
11.36 0 0 0 0 0 240 0
11.37 0 0 0 0 0 240 0
11.38 0 0 0 0 0 240 0
11.39 0 0 0 0 0 220 0
11.4 0 0 0 0 0 240 0
11.41 0 0 0 0 0 240 0
11.42 0 0 0 0 0 220 0
11.43 0 0 0 0 0 240 0
11.44 0 0 0 0 0 240 0
11.45 0 0 0 0 0 220 0
11.46 0 0 0 0 0 240 0
11.47 0 0 0 0 0 240 0
11.48 0 0 0 0 0 220 0
11.49 0 0 0 0 0 240 0
11.5 0 0 0 0 0 240 0
11.51 0 0 0 0 0 240 0
11.52 0 0 0 0 0 240 0
11.53 0 0 0 0 0 240 0
11.54 0 0 0 0 0 240 0
11.55 0 0 0 0 0 240 0
11.56 0 0 0 0 0 220 0
11.57 0 0 0 0 0 240 0
11.58 0 0 0 0 0 240 0
11.59 0 0 0 0 0 220 0
11.6 0 0 0 0 0 240 0
11.61 0 0 0 0 0 240 0
11.62 0 0 0 0 0 220 0
11.63 0 0 0 0 0 240 0
11.64 0 0 0 0 0 240 0
11.65 0 0 0 0 0 220 0
11.66 0 0 0 0 0 240 0
11.67 0 0 0 0 0 240 0
11.68 0 0 0 0 0 240 0
11.69 0 0 0 0 0 240 0
11.7 0 0 0 0 0 240 0
11.71 0 0 0 0 0 240 0
11.72 0 0 0 0 0 240 0
11.73 0 0 0 0 0 220 0
11.74 0 0 0 0 0 240 0
11.75 0 0 0 0 0 240 0
11.76 0 0 0 0 0 220 0
11.77 0 0 0 0 0 240 0
11.78 0 0 0 0 0 240 0
11.79 0 0 0 0 0 220 0
11.8 0 0 0 0 0 240 0
11.81 0 0 0 0 0 240 0
11.82 0 0 0 0 0 220 0
11.83 0 0 0 0 0 240 0
11.84 0 0 0 0 0 240 0
11.85 0 0 0 0 0 240 0
11.86 0 0 0 0 0 240 0
11.87 0 0 0 0 0 240 0
11.88 0 0 0 0 0 240 0
11.89 0 0 0 0 0 240 0
11.9 0 0 0 0 0 220 0
11.91 0 0 0 0 0 240 0
11.92 0 0 0 0 0 240 0
11.93 0 0 0 0 0 220 0
11.94 0 0 0 0 0 240 0
11.95 0 0 0 0 0 240 0
11.96 0 0 0 0 0 220 0
11.97 0 0 0 0 0 240 0
11.98 0 0 0 0 0 240 0
11.99 0 0 0 0 0 220 0
12 0 0 0 0 0 240 0
12.01 0 0 0 0 0 240 0
12.02 0 0 0 0 0 240 0
12.03 0 0 0 0 0 240 0
12.04 0 0 0 0 0 240 0
12.05 0 0 0 0 0 240 0
12.06 0 0 0 0 0 240 0
12.07 0 0 0 0 0 220 0
12.08 0 0 0 0 0 240 0
12.09 0 0 0 0 0 240 0
12.1 0 0 0 0 0 220 0
12.11 0 0 0 0 0 240 0
12.12 0 0 0 0 0 240 0
12.13 0 0 0 0 0 220 0
12.14 0 0 0 0 0 240 0
12.15 0 0 0 0 0 240 0
12.16 0 0 0 0 0 220 0
12.17 0 0 0 0 0 240 0
12.18 0 0 0 0 0 240 0
12.19 0 0 0 0 0 240 0
12.2 0 0 0 0 0 240 0
12.21 0 0 0 0 0 240 0
12.22 0 0 0 0 0 240 0
12.23 0 0 0 0 0 240 0
12.24 0 0 0 0 0 220 0
12.25 0 0 0 0 0 240 0
12.26 0 0 0 0 0 240 0
12.27 0 0 0 0 0 220 0
12.28 0 0 0 0 0 240 0
12.29 0 0 0 0 0 240 0
12.3 0 0 0 0 0 220 0
12.31 0 0 0 0 0 240 0
12.32 0 0 0 0 0 240 0
12.33 0 0 0 0 0 220 0
12.34 0 0 0 0 0 240 0
12.35 0 0 0 0 0 240 0
12.36 0 0 0 0 0 240 0
12.37 0 0 0 0 0 240 0
12.38 0 0 0 0 0 240 0
12.39 0 0 0 0 0 240 0
12.4 0 0 0 0 0 240 0
12.41 0 0 0 0 0 220 0
12.42 0 0 0 0 0 240 0
12.43 0 0 0 0 0 240 0
12.44 0 0 0 0 0 220 0
12.45 0 0 0 0 0 240 0
12.46 0 0 0 0 0 240 0
12.47 0 0 0 0 0 220 0
12.48 0 0 0 0 0 240 0
12.49 0 0 0 0 0 240 0
12.5 0 0 0 0 0 220 0
12.51 0 0 0 0 0 240 0
12.52 0 0 0 0 0 240 0
12.53 0 0 0 0 0 240 0
12.54 0 0 0 0 0 240 0
12.55 0 0 0 0 0 240 0
12.56 0 0 0 0 0 240 0
12.57 0 0 0 0 0 240 0
12.58 0 0 0 0 0 220 0
12.59 0 0 0 0 0 240 0
12.6 0 0 0 0 0 240 0
12.61 0 0 0 0 0 220 0
12.62 0 0 0 0 0 240 0
12.63 0 0 0 0 0 240 0
12.64 0 0 0 0 0 220 0
12.65 0 0 0 0 0 240 0
12.66 0 0 0 0 0 240 0
12.67 0 0 0 0 0 220 0
12.68 0 0 0 0 0 240 0
12.69 0 0 0 0 0 240 0
12.7 0 0 0 0 0 240 0
12.71 0 0 0 0 0 240 0
12.72 0 0 0 0 0 240 0
12.73 0 0 0 0 0 240 0
12.74 0 0 0 0 0 240 0
12.75 0 0 0 0 0 220 0
12.76 0 0 0 0 0 240 0
12.77 0 0 0 0 0 240 0
12.78 0 0 0 0 0 220 0
12.79 0 0 0 0 0 240 0
12.8 0 0 0 0 0 240 0
12.81 0 0 0 0 0 220 0
12.82 0 0 0 0 0 240 0
12.83 0 0 0 0 0 240 0
12.84 0 0 0 0 0 220 0
12.85 0 0 0 0 0 240 0
12.86 0 0 0 0 0 240 0
12.87 0 0 0 0 0 240 0
12.88 0 0 0 0 0 240 0
12.89 0 0 0 0 0 240 0
12.9 0 0 0 0 0 240 0
12.91 0 0 0 0 0 240 0
12.92 0 0 0 0 0 220 0
12.93 0 0 0 0 0 240 0
12.94 0 0 0 0 0 240 0
12.95 0 0 0 0 0 220 0
12.96 0 0 0 0 0 240 0
12.97 0 0 0 0 0 240 0
12.98 0 0 0 0 0 220 0
12.99 0 0 0 0 0 240 0
13 0 0 0 0 0 240 0
13.01 0 0 0 0 0 220 0
13.02 0 0 0 0 0 240 0
13.03 0 0 0 0 0 240 0
13.04 0 0 0 0 0 240 0
13.05 0 0 0 0 0 240 0
13.06 0 0 0 0 0 240 0
13.07 0 0 0 0 0 240 0
13.08 0 0 0 0 0 240 0
13.09 0 0 0 0 0 220 0
13.1 0 0 0 0 0 240 0
13.11 0 0 0 0 0 240 0
13.12 0 0 0 0 0 220 0
13.13 0 0 0 0 0 240 0
13.14 0 0 0 0 0 240 0
13.15 0 0 0 0 0 220 0
13.16 0 0 0 0 0 240 0
13.17 0 0 0 0 0 240 0
13.18 0 0 0 0 0 220 0
13.19 0 0 0 0 0 240 0
13.2 0 0 0 0 0 240 0
13.21 0 0 0 0 0 240 0
13.22 0 0 0 0 0 240 0
13.23 0 0 0 0 0 240 0
13.24 0 0 0 0 0 240 0
13.25 0 0 0 0 0 240 0
13.26 0 0 0 0 0 220 0
13.27 0 0 0 0 0 240 0
13.28 0 0 0 0 0 240 0
13.29 0 0 0 0 0 220 0
13.3 0 0 0 0 0 240 0
13.31 0 0 0 0 0 240 0
13.32 0 0 0 0 0 220 0
13.33 0 0 0 0 0 240 0
13.34 0 0 0 0 0 240 0
13.35 0 0 0 0 0 220 0
13.36 0 0 0 0 0 240 0
13.37 0 0 0 0 0 240 0
13.38 0 0 0 0 0 240 0
13.39 0 0 0 0 0 240 0
13.4 0 0 0 0 0 240 0
13.41 0 0 0 0 0 240 0
13.42 0 0 0 0 0 240 0
13.43 0 0 0 0 0 220 0
13.44 0 0 0 0 0 240 0
13.45 0 0 0 0 0 240 0
13.46 0 0 0 0 0 220 0
13.47 0 0 0 0 0 240 0
13.48 0 0 0 0 0 240 0
13.49 0 0 0 0 0 220 0
13.5 0 0 0 0 0 240 0
13.51 0 0 0 0 0 240 0
13.52 0 0 0 0 0 220 0
13.53 0 0 0 0 0 240 0
13.54 0 0 0 0 0 240 0
13.55 0 0 0 0 0 240 0
13.56 0 0 0 0 0 240 0
13.57 0 0 0 0 0 240 0
13.58 0 0 0 0 0 240 0
13.59 0 0 0 0 0 240 0
13.6 0 0 0 0 0 220 0
13.61 0 0 0 0 0 240 0
13.62 0 0 0 0 0 240 0
13.63 0 0 0 0 0 220 0
13.64 0 0 0 0 0 240 0
13.65 0 0 0 0 0 240 0
13.66 0 0 0 0 0 220 0
13.67 0 0 0 0 0 240 0
13.68 0 0 0 0 0 240 0
13.69 0 0 0 0 0 220 0
13.7 0 0 0 0 0 240 0
13.71 0 0 0 0 0 240 0
13.72 0 0 0 0 0 240 0
13.73 0 0 0 0 0 240 0
13.74 0 0 0 0 0 240 0
13.75 0 0 0 0 0 240 0
13.76 0 0 0 0 0 240 0
13.77 0 0 0 0 0 220 0
13.78 0 0 0 0 0 240 0
13.79 0 0 0 0 0 240 0
13.8 0 0 0 0 0 220 0
13.81 0 0 0 0 0 240 0
13.82 0 0 0 0 0 240 0
13.83 0 0 0 0 0 220 0
13.84 0 0 0 0 0 240 0
13.85 0 0 0 0 0 240 0
13.86 0 0 0 0 0 220 0
13.87 0 0 0 0 0 240 0
13.88 0 0 0 0 0 240 0
13.89 0 0 0 0 0 240 0
13.9 0 0 0 0 0 240 0
13.91 0 0 0 0 0 240 0
13.92 0 0 0 0 0 240 0
13.93 0 0 0 0 0 240 0
13.94 0 0 0 0 0 220 0
13.95 0 0 0 0 0 240 0
13.96 0 0 0 0 0 240 0
13.97 0 0 0 0 0 220 0
13.98 0 0 0 0 0 240 0
13.99 0 0 0 0 0 240 0
14 0 0 0 0 0 220 0
14.01 0 0 0 0 0 240 0
14.02 0 0 0 0 0 240 0
14.03 0 0 0 0 0 220 0
14.04 0 0 0 0 0 240 0
14.05 0 0 0 0 0 240 0
14.06 0 0 0 0 0 240 0
14.07 0 0 0 0 0 240 0
14.08 0 0 0 0 0 240 0
14.09 0 0 0 0 0 240 0
14.1 0 0 0 0 0 240 0
14.11 0 0 0 0 0 220 0
14.12 0 0 0 0 0 240 0
14.13 0 0 0 0 0 240 0
14.14 0 0 0 0 0 220 0
14.15 0 0 0 0 0 240 0
14.16 0 0 0 0 0 240 0
14.17 0 0 0 0 0 220 0
14.18 0 0 0 0 0 240 0
14.19 0 0 0 0 0 240 0
14.2 0 0 0 0 0 220 0
14.21 0 0 0 0 0 240 0
14.22 0 0 0 0 0 240 0
14.23 0 0 0 0 0 240 0
14.24 0 0 0 0 0 240 0
14.25 0 0 0 0 0 240 0
14.26 0 0 0 0 0 240 0
14.27 0 0 0 0 0 240 0
14.28 0 0 0 0 0 220 0
14.29 0 0 0 0 0 240 0
14.3 0 0 0 0 0 240 0
14.31 0 0 0 0 0 220 0
14.32 0 0 0 0 0 240 0
14.33 0 0 0 0 0 240 0
14.34 0 0 0 0 0 220 0
14.35 0 0 0 0 0 240 0
14.36 0 0 0 0 0 240 0
14.37 0 0 0 0 0 220 0
14.38 0 0 0 0 0 240 0
14.39 0 0 0 0 0 240 0
14.4 0 0 0 0 0 240 0
14.41 0 0 0 0 0 240 0
14.42 0 0 0 0 0 240 0
14.43 0 0 0 0 0 240 0
14.44 0 0 0 0 0 240 0
14.45 0 0 0 0 0 220 0
14.46 0 0 0 0 0 240 0
14.47 0 0 0 0 0 240 0
14.48 0 0 0 0 0 220 0
14.49 0 0 0 0 0 240 0
14.5 0 0 0 0 0 240 0
14.51 0 0 0 0 0 220 0
14.52 0 0 0 0 0 240 0
14.53 0 0 0 0 0 240 0
14.54 0 0 0 0 0 220 0
14.55 0 0 0 0 0 240 0
14.56 0 0 0 0 0 240 0
14.57 0 0 0 0 0 240 0
14.58 0 0 0 0 0 240 0
14.59 0 0 0 0 0 240 0
14.6 0 0 0 0 0 240 0
14.61 0 0 0 0 0 240 0
14.62 0 0 0 0 0 220 0
14.63 0 0 0 0 0 240 0
14.64 0 0 0 0 0 240 0
14.65 0 0 0 0 0 220 0
14.66 0 0 0 0 0 240 0
14.67 0 0 0 0 0 240 0
14.68 0 0 0 0 0 220 0
14.69 0 0 0 0 0 240 0
14.7 0 0 0 0 0 240 0
14.71 0 0 0 0 0 220 0
14.72 0 0 0 0 0 240 0
14.73 0 0 0 0 0 240 0
14.74 0 0 0 0 0 240 0
14.75 0 0 0 0 0 240 0
14.76 0 0 0 0 0 240 0
14.77 0 0 0 0 0 240 0
14.78 0 0 0 0 0 240 0
14.79 0 0 0 0 0 220 0
14.8 0 0 0 0 0 240 0
14.81 0 0 0 0 0 240 0
14.82 0 0 0 0 0 220 0
14.83 0 0 0 0 0 240 0
14.84 0 0 0 0 0 240 0
14.85 0 0 0 0 0 220 0
14.86 0 0 0 0 0 240 0
14.87 0 0 0 0 0 240 0
14.88 0 0 0 0 0 220 0
14.89 0 0 0 0 0 240 0
14.9 0 0 0 0 0 240 0
14.91 0 0 0 0 0 240 0
14.92 0 0 0 0 0 240 0
14.93 0 0 0 0 0 240 0
14.94 0 0 0 0 0 240 0
14.95 0 0 0 0 0 240 0
14.96 0 0 0 0 0 220 0
14.97 0 0 0 0 0 240 0
14.98 0 0 0 0 0 240 0
14.99 0 0 0 0 0 220 0
