0.0042 4
0.0042 5
0.0065 2
0.0065 3
0.0067 4
0.0067 5
0.0086 6
0.0092 4
0.0092 5
0.0117 4
0.0117 5
0.0142 4
0.0142 5
0.0167 4
0.0167 5
0.0192 4
0.0192 5
0.0217 4
0.0217 5
0.0242 4
0.0242 5
0.0267 4
0.0267 5
0.0292 4
0.0292 5
0.0317 4
0.0317 5
0.0342 4
0.0342 5
0.0367 4
0.0367 5
0.0392 4
0.0392 5
0.0417 4
0.0417 5
0.0442 4
0.0442 5
0.0467 4
0.0467 5
0.0492 4
0.0492 5
0.0517 4
0.0517 5
0.0542 4
0.0542 5
0.0567 4
0.0567 5
0.0592 4
0.0592 5
0.0617 4
0.0617 5
0.0642 4
0.0642 5
0.0667 4
0.0667 5
0.0692 4
0.0692 5
0.0717 4
0.0717 5
0.0742 4
0.0742 5
0.0767 4
0.0767 5
0.0792 4
0.0792 5
0.0817 4
0.0817 5
0.0842 4
0.0842 5
0.0867 4
0.0867 5
0.0892 4
0.0892 5
0.0917 4
0.0917 5
0.0942 4
0.0942 5
0.0967 4
0.0967 5
0.0992 4
0.0992 5
0.1017 4
0.1017 5
0.1042 4
0.1042 5
0.1067 4
0.1067 5
0.1092 4
0.1092 5
0.1117 4
0.1117 5
0.1142 4
0.1142 5
0.1167 4
0.1167 5
0.1192 4
0.1192 5
0.1217 4
0.1217 5
0.1242 4
0.1242 5
0.1267 4
0.1267 5
0.1292 4
0.1292 5
0.1317 4
0.1317 5
0.1342 4
0.1342 5
0.1367 4
0.1367 5
0.1392 4
0.1392 5
0.1417 4
0.1417 5
0.1442 4
0.1442 5
0.1467 4
0.1467 5
0.1492 4
0.1492 5
0.1517 4
0.1517 5
0.1542 4
0.1542 5
0.1567 4
0.1567 5
0.1592 4
0.1592 5
0.1617 4
0.1617 5
0.1642 4
0.1642 5
0.1667 4
0.1667 5
0.1692 4
0.1692 5
0.1717 4
0.1717 5
0.1742 4
0.1742 5
0.1767 4
0.1767 5
0.1792 4
0.1792 5
0.1817 4
0.1817 5
0.1842 4
0.1842 5
0.1867 4
0.1867 5
0.1892 4
0.1892 5
0.1917 4
0.1917 5
0.1942 4
0.1942 5
0.1967 4
0.1967 5
0.1992 4
0.1992 5
0.2017 4
0.2017 5
0.2042 4
0.2042 5
0.2067 4
0.2067 5
0.2092 4
0.2092 5
0.2117 4
0.2117 5
0.2142 4
0.2142 5
0.2167 4
0.2167 5
0.2192 4
0.2192 5
0.2217 4
0.2217 5
0.2242 4
0.2242 5
0.2267 4
0.2267 5
0.2292 4
0.2292 5
0.2317 4
0.2317 5
0.2342 4
0.2342 5
0.2367 4
0.2367 5
0.2392 4
0.2392 5
0.2417 4
0.2417 5
0.2442 4
0.2442 5
0.2467 4
0.2467 5
0.2492 4
0.2492 5
0.2517 4
0.2517 5
0.2542 4
0.2542 5
0.2567 4
0.2567 5
0.2592 4
0.2592 5
0.2617 4
0.2617 5
0.2642 4
0.2642 5
0.2667 4
0.2667 5
0.2692 4
0.2692 5
0.2717 4
0.2717 5
0.2742 4
0.2742 5
0.2767 4
0.2767 5
0.2792 4
0.2792 5
0.2817 4
0.2817 5
0.2842 4
0.2842 5
0.2867 4
0.2867 5
0.2892 4
0.2892 5
0.2917 4
0.2917 5
0.2942 4
0.2942 5
0.2967 4
0.2967 5
0.2992 4
0.2992 5
0.3017 4
0.3017 5
0.3042 4
0.3042 5
0.3067 4
0.3067 5
0.3092 4
0.3092 5
0.3117 4
0.3117 5
0.3142 4
0.3142 5
0.3167 4
0.3167 5
0.3192 4
0.3192 5
0.3217 4
0.3217 5
0.3242 4
0.3242 5
0.3267 4
0.3267 5
0.3292 4
0.3292 5
0.3317 4
0.3317 5
0.3342 4
0.3342 5
0.3367 4
0.3367 5
0.3392 4
0.3392 5
0.3417 4
0.3417 5
0.3442 4
0.3442 5
0.3467 4
0.3467 5
0.3492 4
0.3492 5
0.3517 4
0.3517 5
0.3542 4
0.3542 5
0.3567 4
0.3567 5
0.3592 4
0.3592 5
0.3617 4
0.3617 5
0.3642 4
0.3642 5
0.3667 4
0.3667 5
0.3692 4
0.3692 5
0.3717 4
0.3717 5
0.3742 4
0.3742 5
0.3767 4
0.3767 5
0.3792 4
0.3792 5
0.3817 4
0.3817 5
0.3842 4
0.3842 5
0.3867 4
0.3867 5
0.3892 4
0.3892 5
0.3917 4
0.3917 5
0.3942 4
0.3942 5
0.3967 4
0.3967 5
0.3992 4
0.3992 5
0.4017 4
0.4017 5
0.4042 4
0.4042 5
0.4067 4
0.4067 5
0.4092 4
0.4092 5
0.4117 4
0.4117 5
0.4142 4
0.4142 5
0.4167 4
0.4167 5
0.4192 4
0.4192 5
0.4217 4
0.4217 5
0.4242 4
0.4242 5
0.4267 4
0.4267 5
0.4292 4
0.4292 5
0.4317 4
0.4317 5
0.4342 4
0.4342 5
0.4367 4
0.4367 5
0.4392 4
0.4392 5
0.4417 4
0.4417 5
0.4442 4
0.4442 5
0.4467 4
0.4467 5
0.4492 4
0.4492 5
0.4517 4
0.4517 5
0.4542 4
0.4542 5
0.4567 4
0.4567 5
0.4592 4
0.4592 5
0.4617 4
0.4617 5
0.4642 4
0.4642 5
0.4667 4
0.4667 5
0.4692 4
0.4692 5
0.4717 4
0.4717 5
0.4742 4
0.4742 5
0.4767 4
0.4767 5
0.4792 4
0.4792 5
0.4817 4
0.4817 5
0.4842 4
0.4842 5
0.4867 4
0.4867 5
0.4892 4
0.4892 5
0.4917 4
0.4917 5
0.4942 4
0.4942 5
0.4967 4
0.4967 5
0.4992 4
0.4992 5
0.5017 4
0.5017 5
0.5042 4
0.5042 5
0.5067 4
0.5067 5
0.5092 4
0.5092 5
0.5117 4
0.5117 5
0.5142 4
0.5142 5
0.5167 4
0.5167 5
0.5192 4
0.5192 5
0.5217 4
0.5217 5
0.5242 4
0.5242 5
0.5267 4
0.5267 5
0.5292 4
0.5292 5
0.5317 4
0.5317 5
0.5342 4
0.5342 5
0.5367 4
0.5367 5
0.5392 4
0.5392 5
0.5417 4
0.5417 5
0.5442 4
0.5442 5
0.5467 4
0.5467 5
0.5492 4
0.5492 5
0.5517 4
0.5517 5
0.5542 4
0.5542 5
0.5567 4
0.5567 5
0.5592 4
0.5592 5
0.5617 4
0.5617 5
0.5642 4
0.5642 5
0.5667 4
0.5667 5
0.5692 4
0.5692 5
0.5717 4
0.5717 5
0.5742 4
0.5742 5
0.5767 4
0.5767 5
0.5792 4
0.5792 5
0.5817 4
0.5817 5
0.5842 4
0.5842 5
0.5867 4
0.5867 5
0.5892 4
0.5892 5
0.5917 4
0.5917 5
0.5942 4
0.5942 5
0.5967 4
0.5967 5
0.5992 4
0.5992 5
0.6017 4
0.6017 5
0.6042 4
0.6042 5
0.6067 4
0.6067 5
0.6092 4
0.6092 5
0.6117 4
0.6117 5
0.6142 4
0.6142 5
0.6167 4
0.6167 5
0.6192 4
0.6192 5
0.6217 4
0.6217 5
0.6242 4
0.6242 5
0.6267 4
0.6267 5
0.6292 4
0.6292 5
0.6317 4
0.6317 5
0.6342 4
0.6342 5
0.6367 4
0.6367 5
0.6392 4
0.6392 5
0.6417 4
0.6417 5
0.6442 4
0.6442 5
0.6467 4
0.6467 5
0.6492 4
0.6492 5
0.6517 4
0.6517 5
0.6542 4
0.6542 5
0.6567 4
0.6567 5
0.6592 4
0.6592 5
0.6617 4
0.6617 5
0.6642 4
0.6642 5
0.6667 4
0.6667 5
0.6692 4
0.6692 5
0.6717 4
0.6717 5
0.6742 4
0.6742 5
0.6767 4
0.6767 5
0.6792 4
0.6792 5
0.6817 4
0.6817 5
0.6842 4
0.6842 5
0.6867 4
0.6867 5
0.6892 4
0.6892 5
0.6917 4
0.6917 5
0.6942 4
0.6942 5
0.6967 4
0.6967 5
0.6992 4
0.6992 5
0.7017 4
0.7017 5
0.7042 4
0.7042 5
0.7067 4
0.7067 5
0.7092 4
0.7092 5
0.7117 4
0.7117 5
0.7142 4
0.7142 5
0.7167 4
0.7167 5
0.7192 4
0.7192 5
0.7217 4
0.7217 5
0.7242 4
0.7242 5
0.7267 4
0.7267 5
0.7292 4
0.7292 5
0.7317 4
0.7317 5
0.7342 4
0.7342 5
0.7367 4
0.7367 5
0.7392 4
0.7392 5
0.7417 4
0.7417 5
0.7442 4
0.7442 5
0.7467 4
0.7467 5
0.7492 4
0.7492 5
0.7517 4
0.7517 5
0.7542 4
0.7542 5
0.7567 4
0.7567 5
0.7592 4
0.7592 5
0.7617 4
0.7617 5
0.7642 4
0.7642 5
0.7667 4
0.7667 5
0.7692 4
0.7692 5
0.7717 4
0.7717 5
0.7742 4
0.7742 5
0.7767 4
0.7767 5
0.7792 4
0.7792 5
0.7817 4
0.7817 5
0.7842 4
0.7842 5
0.7867 4
0.7867 5
0.7892 4
0.7892 5
0.7917 4
0.7917 5
0.7942 4
0.7942 5
0.7967 4
0.7967 5
0.7992 4
0.7992 5
0.8017 4
0.8017 5
0.8042 4
0.8042 5
0.8067 4
0.8067 5
0.8092 4
0.8092 5
0.8099 0
0.8116 1
0.8116 4
0.8117 5
0.8141 4
0.8141 5
0.8166 4
0.8166 5
0.8181 0
0.819 4
0.8191 5
0.8215 4
0.8216 5
0.8222 1
0.824 4
0.824 5
0.826 0
0.8264 4
0.8265 5
0.8288 4
0.829 5
0.8303 1
0.8313 4
0.8314 5
0.8338 4
0.8339 5
0.8348 0
0.8362 4
0.8364 5
0.8387 4
0.8389 5
0.8392 1
0.8412 4
0.8413 5
0.8437 4
0.8438 5
0.8451 0
0.8461 4
0.8463 5
0.8473 1
0.8486 4
0.8487 5
0.8511 4
0.8512 5
0.853 0
0.8534 4
0.8537 5
0.8558 4
0.8561 1
0.8562 5
0.8583 4
0.8586 5
0.8608 4
0.8611 5
0.8616 0
0.8632 4
0.8636 5
0.8651 1
0.8657 4
0.866 5
0.8682 4
0.8685 5
0.8705 0
0.8707 4
0.871 5
0.8731 4
0.8735 5
0.8754 1
0.8756 4
0.8758 5
0.8781 4
0.8782 5
0.8788 0
0.8805 4
0.8807 5
0.883 4
0.8832 5
0.8833 1
0.8855 4
0.8856 5
0.8864 0
0.8879 4
0.8881 5
0.8904 4
0.8906 5
0.8927 1
0.8929 4
0.893 5
0.8951 0
0.8953 4
0.8954 5
0.8977 4
0.8979 5
0.9002 4
0.9004 5
0.9016 1
0.9027 4
0.9028 5
0.9033 0
0.9051 4
0.9053 5
0.9076 4
0.9078 5
0.909 1
0.9101 4
0.9102 5
0.912 0
0.9124 4
0.9127 5
0.9148 4
0.9152 5
0.9173 4
0.9175 1
0.9177 5
0.9198 4
0.9201 5
0.9216 0
0.9221 4
0.9226 5
0.9246 4
0.9251 5
0.9252 1
0.9271 4
0.9275 5
0.9296 0
0.9296 4
0.93 5
0.932 4
0.9325 5
0.9332 1
0.9345 4
0.9349 5
0.937 4
0.9374 5
0.9379 0
0.9394 4
0.9399 5
0.9416 1
0.9419 4
0.9422 5
0.9444 4
0.9447 5
0.9454 0
0.9468 4
0.9472 5
0.9493 4
0.9497 5
0.9517 1
0.9518 4
0.9521 5
0.9543 4
0.9545 0
0.9545 5
0.9567 4
0.957 5
0.9592 4
0.9595 5
0.9599 1
0.9617 4
0.9619 5
0.9622 0
0.9641 4
0.9644 5
0.9666 4
0.9669 5
0.9691 4
0.9694 5
0.9696 0
0.9702 1
0.9715 4
0.9718 5
0.974 4
0.9743 5
0.9765 4
0.9768 5
0.9775 1
0.9777 0
0.9789 4
0.9792 5
0.9814 4
0.9817 5
0.9839 4
0.9842 5
0.9864 0
0.9864 1
0.9864 4
0.9866 5
0.9888 4
0.989 5
0.9913 4
0.9915 5
0.9938 4
0.994 5
0.995 0
0.9962 4
0.9965 1
0.9965 5
0.9987 4
0.9989 5
1.0012 4
1.0014 5
1.0037 4
1.0039 5
1.0041 0
1.0052 1
1.0061 4
1.0063 5
1.0086 4
1.0088 5
1.0111 4
1.0113 5
1.0125 0
1.0134 1
1.0135 4
1.0137 5
1.016 4
1.0161 5
1.0185 4
1.0186 5
1.0206 0
1.0209 4
1.0211 5
1.0219 1
1.0233 4
1.0235 5
1.0258 4
1.026 5
1.0283 4
1.0284 0
1.0285 5
1.0306 1
1.0307 4
1.0309 5
1.0332 4
1.0333 5
1.0353 0
1.0356 4
1.0358 5
1.038 4
1.0383 5
1.0384 1
1.0405 4
1.0407 5
1.043 4
1.0432 5
1.0444 0
1.0454 4
1.0457 5
1.0463 1
1.0479 4
1.0481 5
1.0504 4
1.0506 5
1.0528 0
1.0529 4
1.0531 5
1.054 1
1.0553 4
1.0555 5
1.0578 4
1.058 5
1.0598 0
1.0602 4
1.0605 5
1.0618 1
1.0626 4
1.0629 5
1.0651 4
1.0654 5
1.0676 4
1.0679 5
1.0684 0
1.07 4
1.0704 5
1.071 1
1.0725 4
1.0728 5
1.075 4
1.0753 5
1.0775 4
1.0778 5
1.0787 0
1.0791 1
1.0799 4
1.0802 5
1.0824 4
1.0827 5
1.0849 4
1.0852 5
1.0867 0
1.087 1
1.0872 4
1.0875 5
1.0897 4
1.09 5
1.0922 4
1.0925 5
1.0947 4
1.095 5
1.0959 0
1.096 1
1.0971 4
1.0974 5
1.0996 4
1.0999 5
1.1021 4
1.1024 5
1.1046 1
1.1046 4
1.1048 5
1.105 0
1.107 4
1.1072 5
1.1095 4
1.1097 5
1.112 4
1.1122 5
1.1131 1
1.1137 0
1.1143 4
1.1146 5
1.1168 4
1.1171 5
1.1193 4
1.1196 5
1.1207 1
1.1218 4
1.122 5
1.1238 0
1.1242 4
1.1245 5
1.1266 4
1.127 5
1.1291 4
1.1295 5
1.1303 1
1.1316 4
1.1319 5
1.1341 4
1.1344 5
1.1345 0
1.1365 4
1.1369 5
1.1388 1
1.139 4
1.1392 5
1.1415 4
1.1416 5
1.1427 0
1.1439 4
1.1441 5
1.1464 4
1.1466 5
1.1478 1
1.1489 4
1.149 5
1.1514 4
1.1515 5
1.1517 0
1.1538 4
1.154 5
1.1561 1
1.1563 4
1.1564 5
1.1588 4
1.1588 5
1.1591 0
1.1612 4
1.1613 5
1.1637 4
1.1638 5
1.1648 1
1.1662 4
1.1662 5
1.1674 0
1.1686 4
1.1687 5
1.1711 4
1.1712 5
1.1733 1
1.1736 4
1.1736 5
1.1752 0
1.1759 4
1.176 5
1.1784 4
1.1785 5
1.1809 4
1.181 5
1.1815 1
1.1834 4
1.1834 5
1.1857 0
1.1859 4
1.1859 5
1.1883 4
1.1884 5
1.1896 1
1.1908 4
1.1908 5
1.1933 4
1.1933 5
1.1943 0
1.1957 4
1.1958 5
1.1982 4
1.1983 5
1.1989 1
1.2007 4
1.2007 5
1.2032 4
1.2032 5
1.2047 0
1.2056 4
1.2057 5
1.2067 1
1.2081 4
1.2081 5
1.2106 4
1.2106 5
1.2131 4
1.2131 5
1.2139 0
1.2152 1
1.2155 4
1.2155 5
1.2179 5
1.218 4
1.2204 5
1.2205 4
1.2221 0
1.2228 4
1.2229 5
1.2243 1
1.2253 4
1.2253 5
1.2278 4
1.2278 5
1.2296 0
1.2301 4
1.2303 5
1.2326 4
1.2328 5
1.2331 1
1.2351 4
1.2352 5
1.2376 4
1.2377 5
1.2378 0
1.24 4
1.2402 5
1.2416 1
1.2425 4
1.2426 5
1.245 4
1.2451 5
1.2458 0
1.2474 4
1.2476 5
1.2499 4
1.2501 5
1.252 1
1.2524 4
1.2524 5
1.2533 0
1.2548 4
1.2548 5
1.2573 4
1.2573 5
1.2596 1
1.2598 4
1.2598 5
1.2619 0
1.2622 4
1.2622 5
1.2646 4
1.2647 5
1.2671 4
1.2672 1
1.2672 5
1.2696 4
1.2696 5
1.2701 0
1.272 4
1.2721 5
1.2745 4
1.2746 5
1.2759 1
1.277 4
1.277 5
1.2795 4
1.2795 5
1.2798 0
1.2819 4
1.282 5
1.2844 4
1.2845 5
1.2846 1
1.2869 4
1.2869 5
1.2884 0
1.2893 4
1.2894 5
1.2918 4
1.2919 5
1.293 1
1.2943 4
1.2943 5
1.2968 4
1.2968 5
1.2974 0
1.2992 4
1.2993 5
1.3017 4
1.3018 5
1.3022 1
1.3042 4
1.3042 5
1.3056 0
1.3066 4
1.3067 5
1.3091 4
1.3092 5
1.311 1
1.3115 5
1.3116 4
1.3132 0
1.3139 4
1.314 5
1.3164 4
1.3165 5
1.3189 4
1.319 5
1.3207 1
1.3213 5
1.3214 4
1.3218 0
1.3238 4
1.3238 5
1.3263 4
1.3263 5
1.3288 1
1.3288 4
1.3288 5
1.3293 0
1.3312 4
1.3312 5
1.3337 4
1.3337 5
1.3362 4
1.3362 5
1.3375 1
1.3383 0
1.3386 4
1.3386 5
1.341 4
1.3411 5
1.3435 4
1.3436 5
1.3455 1
1.3459 5
1.346 4
1.3472 0
1.3483 5
1.3484 4
1.3508 5
1.3509 4
1.3533 5
1.3534 4
1.3542 1
1.3549 0
1.3557 5
1.3558 4
1.3582 5
1.3583 4
1.3607 5
1.3608 4
1.3629 1
1.3631 5
1.3633 4
1.3643 0
1.3655 5
1.3657 4
1.368 5
1.3682 4
1.3705 5
1.3707 4
1.3713 1
1.3716 0
1.3729 5
1.3731 4
1.3754 5
1.3756 4
1.3779 5
1.3781 4
1.3796 1
1.3798 0
1.3802 5
1.3804 4
1.3827 5
1.3829 4
1.3852 5
1.3854 4
1.3876 0
1.3877 5
1.3878 4
1.3882 1
1.3901 5
1.3902 4
1.3926 5
1.3927 4
1.3951 5
1.3952 4
1.3958 0
1.3958 1
1.3975 5
1.3976 4
1.4 5
1.4001 4
1.4025 5
1.4026 4
1.4042 1
1.4047 0
1.4048 5
1.405 4
1.4073 5
1.4074 4
1.4098 5
1.4099 4
1.4123 5
1.4124 4
1.4125 1
1.4134 0
1.4147 5
1.4148 4
1.4172 5
1.4173 4
1.4197 5
1.4198 4
1.4204 1
1.4221 5
1.4223 4
1.4227 0
1.4246 5
1.4247 4
1.4271 5
1.4272 4
1.4296 5
1.4297 4
1.4306 1
1.4317 0
1.432 5
1.4321 4
1.4345 4
1.4345 5
1.437 4
1.437 5
1.4388 1
1.4393 5
1.4395 4
1.4407 0
1.4418 5
1.4419 4
1.4443 5
1.4444 4
1.4468 5
1.4469 4
1.449 0
1.4493 4
1.4493 5
1.4503 1
1.4517 4
1.4517 5
1.4542 4
1.4542 5
1.4566 0
1.4567 4
1.4567 5
1.4585 1
1.459 5
1.4591 4
1.4615 5
1.4616 4
1.464 5
1.4641 4
1.4662 0
1.4665 4
1.4665 5
1.4672 1
1.4689 4
1.4689 5
1.4714 4
1.4714 5
1.4739 4
1.4739 5
1.4751 1
1.4755 0
1.4763 4
1.4763 5
1.4788 4
1.4788 5
1.4813 4
1.4813 5
1.483 1
1.4836 5
1.4838 4
1.4845 0
1.4861 5
1.4862 4
1.4886 5
1.4887 4
1.4911 5
1.4912 4
1.4924 0
1.4926 1
1.4935 5
1.4936 4
1.496 5
1.4961 4
1.4985 5
1.4986 4
1.5006 1
1.5009 5
1.5011 4
1.5012 0
1.5033 5
1.5035 4
1.5058 5
1.506 4
1.5083 5
1.5085 4
1.5091 1
1.5101 0
1.5107 5
1.5109 4
1.5132 5
1.5134 4
1.5157 5
1.5159 4
1.5166 1
1.5177 0
1.5181 5
1.5182 4
1.5206 5
1.5207 4
1.5231 5
1.5232 4
1.5253 1
1.5255 5
1.5257 4
1.5274 0
1.5279 5
1.528 4
1.5304 5
1.5305 4
1.5329 1
1.5329 5
1.533 4
1.5353 5
1.5355 4
1.5362 0
1.5378 5
1.5379 4
1.5403 5
1.5404 4
1.5418 1
1.5427 5
1.5429 4
1.5443 0
1.5452 5
1.5453 4
1.5477 5
1.5478 4
1.55 1
1.5502 5
1.5503 4
1.5524 0
1.5526 5
1.5527 4
1.5551 4
1.5551 5
1.5576 4
1.5576 5
1.5587 1
1.5598 0
1.56 4
1.56 5
1.5624 4
1.5625 5
1.5649 4
1.565 5
1.5663 1
1.5674 4
1.5674 5
1.5678 0
1.5698 4
1.5699 5
1.5723 4
1.5724 5
1.5748 4
1.5749 5
1.5751 1
1.5773 0
1.5773 4
1.5773 5
1.5797 4
1.5798 5
1.5822 4
1.5823 5
1.5834 1
1.5847 4
1.5847 5
1.5858 0
1.5871 4
1.5872 5
1.5896 4
1.5897 5
1.5916 1
1.592 5
1.5921 4
1.5944 5
1.5946 0
1.5946 4
1.5969 5
1.597 4
1.5994 5
1.5995 4
1.6019 5
1.602 4
1.6044 5
1.6045 4
1.6069 5
1.607 4
1.6094 5
1.6095 4
1.6119 5
1.612 4
1.6144 5
1.6145 4
1.6169 5
1.617 4
1.6194 5
1.6195 4
1.6219 5
1.622 4
1.6244 5
1.6245 4
1.6269 5
1.627 4
1.6294 5
1.6295 4
1.6319 5
1.632 4
1.6344 5
1.6345 4
1.6369 5
1.637 4
1.6394 5
1.6395 4
1.6419 5
1.642 4
1.6444 5
1.6445 4
1.6469 5
1.647 4
1.6494 5
1.6495 4
1.6519 5
1.652 4
1.6544 5
1.6545 4
1.6569 5
1.657 4
1.6594 5
1.6595 4
1.6619 5
1.662 4
1.6644 5
1.6645 4
1.6669 5
1.667 4
1.6694 5
1.6695 4
1.6719 5
1.672 4
1.6744 5
1.6745 4
1.6769 5
1.677 4
1.6794 5
1.6795 4
1.6819 5
1.682 4
1.6844 5
1.6845 4
1.6869 5
1.687 4
1.6894 5
1.6895 4
1.6919 5
1.692 4
1.6944 5
1.6945 4
1.6969 5
1.697 4
1.6994 5
1.6995 4
1.7019 5
1.702 4
1.7044 5
1.7045 4
1.7069 5
1.707 4
1.7094 5
1.7095 4
1.7119 5
1.712 4
1.7144 5
1.7145 4
1.7169 5
1.717 4
1.7194 5
1.7195 4
1.7219 5
1.722 4
1.7244 5
1.7245 4
1.7269 5
1.727 4
1.7294 5
1.7295 4
1.7319 5
1.732 4
1.7344 5
1.7345 4
1.7369 5
1.737 4
1.7394 5
1.7395 4
1.7419 5
1.742 4
1.7444 5
1.7445 4
1.7469 5
1.747 4
1.7494 5
1.7495 4
1.7519 5
1.752 4
1.7544 5
1.7545 4
1.7569 5
1.757 4
1.7594 5
1.7595 4
1.7619 5
1.762 4
1.7644 5
1.7645 4
1.7669 5
1.767 4
1.7694 5
1.7695 4
1.7719 5
1.772 4
1.7744 5
1.7745 4
1.7769 5
1.777 4
1.7794 5
1.7795 4
1.7819 5
1.782 4
1.7844 5
1.7845 4
1.7869 5
1.787 4
1.7894 5
1.7895 4
1.7919 5
1.792 4
1.7944 5
1.7945 4
1.7969 5
1.797 4
1.7994 5
1.7995 4
1.8019 5
1.802 4
1.8044 5
1.8045 4
1.8069 5
1.807 4
1.8094 5
1.8095 4
1.8119 5
1.812 4
1.8144 5
1.8145 4
1.8169 5
1.817 4
1.8194 5
1.8195 4
1.8219 5
1.822 4
1.8244 5
1.8245 4
1.8269 5
1.827 4
1.8294 5
1.8295 4
1.8319 5
1.832 4
1.8344 5
1.8345 4
1.8369 5
1.837 4
1.8394 5
1.8395 4
1.8419 5
1.842 4
1.8444 5
1.8445 4
1.8469 5
1.847 4
1.8494 5
1.8495 4
1.8519 5
1.852 4
1.8544 5
1.8545 4
1.8569 5
1.857 4
1.8594 5
1.8595 4
1.8619 5
1.862 4
1.8644 5
1.8645 4
1.8669 5
1.867 4
1.8694 5
1.8695 4
1.8719 5
1.872 4
1.8744 5
1.8745 4
1.8769 5
1.877 4
1.8794 5
1.8795 4
1.8819 5
1.882 4
1.8844 5
1.8845 4
1.8869 5
1.887 4
1.8894 5
1.8895 4
1.8919 5
1.892 4
1.8944 5
1.8945 4
1.8969 5
1.897 4
1.8994 5
1.8995 4
1.9019 5
1.902 4
1.9044 5
1.9045 4
1.9069 5
1.907 4
1.9094 5
1.9095 4
1.9119 5
1.912 4
1.9144 5
1.9145 4
1.9169 5
1.917 4
1.9194 5
1.9195 4
1.9219 5
1.922 4
1.9244 5
1.9245 4
1.9269 5
1.927 4
1.9294 5
1.9295 4
1.9319 5
1.932 4
1.9344 5
1.9345 4
1.9369 5
1.937 4
1.9394 5
1.9395 4
1.9419 5
1.942 4
1.9444 5
1.9445 4
1.9469 5
1.947 4
1.9494 5
1.9495 4
1.9519 5
1.952 4
1.9544 5
1.9545 4
1.9569 5
1.957 4
1.9594 5
1.9595 4
1.9619 5
1.962 4
1.9644 5
1.9645 4
1.9669 5
1.967 4
1.9694 5
1.9695 4
1.9719 5
1.972 4
1.9744 5
1.9745 4
1.9769 5
1.977 4
1.9794 5
1.9795 4
1.9819 5
1.982 4
1.9844 5
1.9845 4
1.9869 5
1.987 4
1.9894 5
1.9895 4
1.9919 5
1.992 4
1.9944 5
1.9945 4
1.9969 5
1.997 4
1.9994 5
1.9995 4
2.0019 5
2.002 4
2.0044 5
2.0045 4
2.0069 5
2.007 4
2.0094 5
2.0095 4
2.0119 5
2.012 4
2.0144 5
2.0145 4
2.0169 5
2.017 4
2.0194 5
2.0195 4
2.0219 5
2.022 4
2.0244 5
2.0245 4
2.0269 5
2.027 4
2.0294 5
2.0295 4
2.0319 5
2.032 4
2.0344 5
2.0345 4
2.0369 5
2.037 4
2.0394 5
2.0395 4
2.0419 5
2.042 4
2.0444 5
2.0445 4
2.0469 5
2.047 4
2.0494 5
2.0495 4
2.0519 5
2.052 4
2.0544 5
2.0545 4
2.0569 5
2.057 4
2.0594 5
2.0595 4
2.0619 5
2.062 4
2.0644 5
2.0645 4
2.0669 5
2.067 4
2.0694 5
2.0695 4
2.0719 5
2.072 4
2.0744 5
2.0745 4
2.0769 5
2.077 4
2.0794 5
2.0795 4
2.0819 5
2.082 4
2.0844 5
2.0845 4
2.0869 5
2.087 4
2.0894 5
2.0895 4
2.0919 5
2.092 4
2.0944 5
2.0945 4
2.0969 5
2.097 4
2.0994 5
2.0995 4
2.1019 5
2.102 4
2.1044 5
2.1045 4
2.1069 5
2.107 4
2.1094 5
2.1095 4
2.1119 5
2.112 4
2.1144 5
2.1145 4
2.1169 5
2.117 4
2.1194 5
2.1195 4
2.1219 5
2.122 4
2.1244 5
2.1245 4
2.1269 5
2.127 4
2.1294 5
2.1295 4
2.1319 5
2.132 4
2.1344 5
2.1345 4
2.1369 5
2.137 4
2.1394 5
2.1395 4
2.1419 5
2.142 4
2.1444 5
2.1445 4
2.1469 5
2.147 4
2.1494 5
2.1495 4
2.1519 5
2.152 4
2.1544 5
2.1545 4
2.1569 5
2.157 4
2.1594 5
2.1595 4
2.1619 5
2.162 4
2.1644 5
2.1645 4
2.1669 5
2.167 4
2.1694 5
2.1695 4
2.1719 5
2.172 4
2.1744 5
2.1745 4
2.1769 5
2.177 4
2.1794 5
2.1795 4
2.1819 5
2.182 4
2.1844 5
2.1845 4
2.1869 5
2.187 4
2.1894 5
2.1895 4
2.1919 5
2.192 4
2.1944 5
2.1945 4
2.1969 5
2.197 4
2.1994 5
2.1995 4
2.2019 5
2.202 4
2.2044 5
2.2045 4
2.2069 5
2.207 4
2.2094 5
2.2095 4
2.2119 5
2.212 4
2.2144 5
2.2145 4
2.2169 5
2.217 4
2.2194 5
2.2195 4
2.2219 5
2.222 4
2.2244 5
2.2245 4
2.2269 5
2.227 4
2.2294 5
2.2295 4
2.2319 5
2.232 4
2.2344 5
2.2345 4
2.2369 5
2.237 4
2.2394 5
2.2395 4
2.2419 5
2.242 4
2.2444 5
2.2445 4
2.2469 5
2.247 4
2.2494 5
2.2495 4
2.2519 5
2.252 4
2.2544 5
2.2545 4
2.2569 5
2.257 4
2.2594 5
2.2595 4
2.2619 5
2.262 4
2.2644 5
2.2645 4
2.2669 5
2.267 4
2.2694 5
2.2695 4
2.2719 5
2.272 4
2.2744 5
2.2745 4
2.2769 5
2.277 4
2.2794 5
2.2795 4
2.2819 5
2.282 4
2.2844 5
2.2845 4
2.2869 5
2.287 4
2.2894 5
2.2895 4
2.2919 5
2.292 4
2.2944 5
2.2945 4
2.2969 5
2.297 4
2.2994 5
2.2995 4
2.3019 5
2.302 4
2.3044 5
2.3045 4
2.3069 5
2.307 4
2.3094 5
2.3095 4
2.3119 5
2.312 4
2.3144 5
2.3145 4
2.3169 5
2.317 4
2.3194 5
2.3195 4
2.3219 5
2.322 4
2.3244 5
2.3245 4
2.3269 5
2.327 4
2.3294 5
2.3295 4
2.3319 5
2.332 4
2.3344 5
2.3345 4
2.3369 5
2.337 4
2.3394 5
2.3395 4
2.3419 5
2.342 4
2.3444 5
2.3445 4
2.3469 5
2.347 4
2.3494 5
2.3495 4
2.3519 5
2.352 4
2.3544 5
2.3545 4
2.3569 5
2.357 4
2.3594 5
2.3595 4
2.3619 5
2.362 4
2.3644 5
2.3645 4
2.3669 5
2.367 4
2.3694 5
2.3695 4
2.3719 5
2.372 4
2.3744 5
2.3745 4
2.3769 5
2.377 4
2.3794 5
2.3795 4
2.3819 5
2.382 4
2.3844 5
2.3845 4
2.3869 5
2.387 4
2.3894 5
2.3895 4
2.3919 5
2.392 4
2.3944 5
2.3945 4
2.3969 5
2.397 4
2.3994 5
2.3995 4
2.4019 5
2.402 4
2.4044 5
2.4045 4
2.4069 5
2.407 4
2.4094 5
2.4095 4
2.411 0
2.4119 4
2.4119 5
2.4144 4
2.4144 5
2.4169 4
2.4169 5
2.419 0
2.4193 4
2.4194 5
2.4209 1
2.4217 4
2.4218 5
2.4242 4
2.4243 5
2.4267 4
2.4268 0
2.4268 5
2.4291 4
2.4293 5
2.4294 1
2.4316 4
2.4317 5
2.4341 4
2.4342 5
2.4348 0
2.4365 4
2.4367 5
2.437 1
2.439 4
2.4391 5
2.4415 4
2.4416 5
2.4434 0
2.4438 4
2.4441 5
2.4447 1
2.4462 4
2.4465 5
2.4487 4
2.449 5
2.4512 4
2.4515 5
2.4537 4
2.4539 1
2.454 5
2.4544 0
2.4561 4
2.4564 5
2.4586 4
2.4589 5
2.4611 4
2.4614 5
2.4619 0
2.4621 1
2.4635 4
2.4638 5
2.466 4
2.4663 5
2.4685 4
2.4688 5
2.4698 1
2.4704 0
2.4708 4
2.4712 5
2.4732 4
2.4737 5
2.4757 4
2.4762 5
2.477 1
2.4782 4
2.4783 0
2.4786 5
2.4806 4
2.4811 5
2.4831 4
2.4836 5
2.4851 1
2.4856 4
2.486 5
2.4863 0
2.488 4
2.4885 5
2.4905 4
2.491 5
2.4923 1
2.493 4
2.4934 5
2.4943 0
2.4954 4
2.4959 5
2.4979 4
2.4984 5
2.5004 4
2.5008 1
2.5009 5
2.5022 0
2.5027 4
2.5033 5
2.5052 4
2.5058 5
2.5077 4
2.5082 1
2.5083 5
2.5102 4
2.5106 0
2.5107 5
2.5126 4
2.5132 5
2.5151 4
2.5157 5
2.517 1
2.5176 4
2.5181 5
2.5189 0
2.52 4
2.5206 5
2.5225 4
2.5231 5
2.5245 1
2.525 4
2.5255 5
2.5271 0
2.5274 4
2.528 5
2.5298 4
2.5305 5
2.5323 4
2.5326 1
2.5329 5
2.5348 4
2.5353 5
2.5371 0
2.5373 4
2.5378 5
2.5397 4
2.5403 1
2.5403 5
2.5422 4
2.5427 5
2.5447 4
2.5452 5
2.5458 0
2.5471 4
2.5477 5
2.5482 1
2.5496 4
2.5501 5
2.5521 4
2.5526 5
2.5541 0
2.5545 4
2.5551 5
2.5569 1
2.5569 4
2.5574 5
2.5594 4
2.5599 5
2.5619 4
2.5623 0
2.5624 5
2.5643 1
2.5643 4
2.5647 5
2.5668 4
2.5671 5
2.5693 4
2.5696 5
2.5701 0
2.5717 4
2.5721 1
2.5721 5
2.5742 4
2.5745 5
2.5767 4
2.577 5
2.5792 4
2.5795 0
2.5795 5
2.5806 1
2.5816 4
2.5819 5
2.5841 4
2.5844 5
2.5866 4
2.5869 5
2.588 0
2.589 4
2.5891 1
2.5893 5
2.5915 4
2.5917 5
2.594 4
2.5942 5
2.5956 0
2.5963 4
2.5967 5
2.598 1
2.5988 4
2.5991 5
2.6013 4
2.6016 5
2.6038 4
2.6041 5
2.605 0
2.6062 4
2.6065 1
2.6066 5
2.6087 4
2.609 5
2.6112 4
2.6115 5
2.6129 0
2.6135 4
2.614 5
2.6157 1
2.616 4
2.6163 5
2.6185 4
2.6188 5
2.621 4
2.6213 5
2.6214 0
2.6234 4
2.6238 5
2.625 1
2.6259 4
2.6262 5
2.6284 4
2.6287 5
2.6299 0
2.6308 4
2.6312 5
2.6333 4
2.6334 1
2.6336 5
2.6358 4
2.636 5
2.6381 0
2.6383 4
2.6385 5
2.6407 4
2.641 1
2.641 5
2.6432 4
2.6434 5
2.6457 4
2.6458 0
2.6459 5
2.6481 4
2.6484 5
2.6499 1
2.6506 4
2.6508 5
2.6531 4
2.6533 5
2.6546 0
2.6555 4
2.6558 5
2.6575 1
2.658 4
2.6581 5
2.6605 4
2.6606 5
2.6629 0
2.663 4
2.6631 5
2.6654 4
2.6656 5
2.667 1
2.6679 4
2.668 5
2.6704 4
2.6705 5
2.6709 0
2.6728 4
2.673 5
2.6753 4
2.6755 5
2.6765 1
2.6778 4
2.6779 5
2.6803 4
2.6804 5
2.6813 0
2.6827 4
2.6829 5
2.6852 4
2.6853 1
2.6854 5
2.6877 4
2.6878 5
2.6902 4
2.6903 5
2.6907 0
2.6926 4
2.6928 5
2.694 1
2.6951 4
2.6952 5
2.6976 4
2.6977 5
2.6991 0
2.7 4
2.7002 5
2.7018 1
2.7025 4
2.7025 5
2.705 4
2.705 5
2.7073 0
2.7075 4
2.7075 5
2.7099 4
2.71 5
2.7105 1
2.7124 4
2.7124 5
2.7149 4
2.7149 5
2.7159 0
2.7173 4
2.7174 5
2.7198 4
2.7199 5
2.7211 1
2.7223 4
2.7223 5
2.7243 0
2.7247 4
2.7248 5
2.7271 4
2.7273 5
2.7296 4
2.7298 5
2.7315 1
2.7321 4
2.7321 5
2.7327 0
2.7345 4
2.7346 5
2.737 4
2.7371 5
2.7388 1
2.7394 5
2.7395 4
2.7413 0
2.7418 4
2.7419 5
2.7443 4
2.7444 5
2.7468 4
2.7469 5
2.7471 1
2.7492 0
2.7493 4
2.7493 5
2.7517 4
2.7518 5
2.7542 4
2.7543 5
2.7547 1
2.7567 4
2.7567 5
2.7578 0
2.7591 4
2.7592 5
2.7616 4
2.7617 5
2.7627 1
2.7641 4
2.7641 5
2.7659 0
2.7664 4
2.7666 5
2.7689 4
2.7691 5
2.7711 1
2.7714 4
2.7715 5
2.7736 0
2.7738 4
2.7739 5
2.7762 4
2.7764 5
2.7787 4
2.7788 1
2.7789 5
2.7812 0
2.7812 4
2.7813 5
2.7836 4
2.7838 5
2.7861 4
2.7863 5
2.7872 1
2.7886 4
2.7887 5
2.7891 0
2.791 4
2.7912 5
2.7935 4
2.7937 5
2.7956 1
2.796 4
2.796 5
2.7976 0
2.7983 4
2.7984 5
2.8008 4
2.8009 5
2.8033 4
2.8034 1
2.8034 5
2.8058 4
2.8058 5
2.8075 0
2.8081 4
2.8083 5
2.8106 4
2.8108 5
2.8123 1
2.8131 4
2.8132 5
2.8156 4
2.8157 5
2.8163 0
2.818 4
2.8182 5
2.8201 1
2.8205 4
2.8205 5
2.8229 5
2.823 4
2.8246 0
2.8253 4
2.8254 5
2.8278 4
2.8279 5
2.8292 1
2.8303 4
2.8303 5
2.8328 0
2.8328 4
2.8328 5
2.8352 4
2.8353 5
2.8373 1
2.8377 4
2.8377 5
2.8401 5
2.8402 4
2.8415 0
2.8426 4
2.8426 5
2.8451 4
2.8451 5
2.8455 1
2.8475 5
2.8476 4
2.85 5
2.8501 4
2.8504 0
2.8525 4
2.8525 5
2.8542 1
2.8548 5
2.855 4
2.8573 5
2.8575 4
2.858 0
2.8598 5
2.8599 4
2.8623 5
2.8624 4
2.8648 5
2.8649 4
2.8654 1
2.8662 0
2.8672 5
2.8673 4
2.8697 5
2.8698 4
2.8722 5
2.8723 4
2.8731 1
2.8746 5
2.8748 4
2.8751 0
2.8771 5
2.8772 4
2.8796 5
2.8797 4
2.8812 1
2.8819 5
2.8822 4
2.8842 0
2.8844 5
2.8846 4
2.8869 5
2.887 4
2.8894 5
2.8895 4
2.8899 1
2.8918 5
2.892 4
2.8933 0
2.8943 5
2.8944 4
2.8968 5
2.8969 4
2.8986 1
2.8991 5
2.8994 4
2.9012 0
2.9016 5
2.9017 4
2.9041 5
2.9042 4
2.9066 5
2.9067 4
2.9078 1
2.909 5
2.9092 4
2.9099 0
2.9115 5
2.9116 4
2.914 5
2.9141 4
2.916 1
2.9164 5
2.9166 4
2.9179 0
2.9188 5
2.919 4
2.9213 5
2.9215 4
2.9238 5
2.924 4
2.9253 1
2.9258 0
2.9262 5
2.9263 4
2.9287 5
2.9288 4
2.9312 5
2.9313 4
2.9334 1
2.9336 5
2.9338 4
2.9348 0
2.936 5
2.9362 4
2.9385 5
2.9387 4
2.941 5
2.9412 4
2.9429 0
2.9431 1
2.9434 5
2.9435 4
2.9458 5
2.946 4
2.9483 5
2.9485 4
2.9508 5
2.9509 0
2.951 4
2.9517 1
2.9532 5
2.9534 4
2.9557 5
2.9559 4
2.9582 5
2.9584 4
2.9587 0
2.9596 1
2.9606 5
2.9608 4
2.9631 5
2.9633 4
2.9656 5
2.9658 4
2.9667 0
2.9673 1
2.9679 5
2.9682 4
2.9704 5
2.9707 4
2.9729 5
2.9732 4
2.9751 0
2.9754 1
2.9754 5
2.9755 4
2.9778 5
2.9779 4
2.9803 5
2.9804 4
2.9828 5
2.9829 4
2.9832 0
2.9839 1
2.9852 5
2.9853 4
2.9877 5
2.9878 4
2.9902 5
2.9903 4
2.9918 0
2.9925 1
2.9927 4
2.9927 5
2.9951 5
2.9952 4
2.9976 5
2.9977 4
3 0
3.0001 5
3.0002 4
3.0006 1
3.0025 5
3.0026 4
3.005 5
3.0051 4
3.0075 5
3.0076 4
3.0086 0
3.0092 1
3.0098 5
3.01 4
3.0123 5
3.0125 4
3.0148 5
3.015 4
3.0167 0
3.0173 4
3.0173 5
3.0185 1
3.0197 5
3.0198 4
3.0222 5
3.0223 4
3.0247 5
3.0248 4
3.0264 0
3.0265 1
3.027 5
3.0272 4
3.0295 5
3.0297 4
3.032 5
3.0322 4
3.0342 1
3.0344 5
3.0345 0
3.0347 4
3.0368 5
3.0371 4
3.0393 5
3.0396 4
3.0418 5
3.0421 4
3.0426 0
3.0426 1
3.0442 5
3.0445 4
3.0467 5
3.047 4
3.0492 5
3.0495 4
3.0506 1
3.0507 0
3.0516 5
3.0519 4
3.0541 5
3.0544 4
3.0566 5
3.0569 4
3.0586 1
3.0587 0
3.059 5
3.0592 4
3.0614 5
3.0617 4
3.0639 5
3.0642 4
3.0664 5
3.0667 4
3.0671 0
3.0677 1
3.0688 5
3.0691 4
3.0713 5
3.0716 4
3.0738 5
3.0741 4
3.0749 0
3.0752 1
3.0762 5
3.0765 4
3.0787 5
3.079 4
3.0812 5
3.0815 4
3.0833 0
3.0837 5
3.0838 4
3.0839 1
3.0861 5
3.0863 4
3.0886 5
3.0888 4
3.0911 5
3.0913 4
3.092 1
3.0925 0
3.0935 5
3.0937 4
3.096 5
3.0962 4
3.0985 5
3.0987 4
3.1004 0
3.1005 1
3.1009 5
3.101 4
3.1033 5
3.1035 4
3.1058 5
3.106 4
3.1083 5
3.1085 4
3.1088 0
3.1108 5
3.1109 4
3.1117 1
3.1132 5
3.1134 4
3.1157 5
3.1159 4
3.1182 5
3.1184 4
3.1189 0
3.1207 5
3.1208 4
3.1215 1
3.1231 5
3.1233 4
3.1256 5
3.1258 4
3.1281 5
3.1283 4
3.1289 0
3.1303 1
3.1305 5
3.1307 4
3.1329 5
3.1332 4
3.1354 5
3.1357 4
3.1379 5
3.138 0
3.1382 4
3.1388 1
3.1403 5
3.1406 4
3.1428 5
3.1431 4
3.1453 5
3.1456 4
3.1465 0
3.1472 1
3.1476 5
3.148 4
3.15 5
3.1505 4
3.1525 5
3.153 4
3.1546 0
3.155 5
3.1553 4
3.1555 1
3.1574 5
3.1578 4
3.1599 5
3.1603 4
3.1624 0
3.1624 5
3.1627 4
3.1649 5
3.1651 4
3.1662 1
3.1673 5
3.1676 4
3.1698 5
3.1701 4
3.1721 0
3.1723 5
3.1725 4
3.1748 5
3.1749 4
3.1751 1
3.1772 5
3.1774 4
3.1797 5
3.1799 4
3.1809 0
3.1822 5
3.1823 4
3.183 1
3.1846 5
3.1848 4
3.1871 5
3.1873 4
3.1896 5
3.1898 0
3.1898 4
3.1911 1
3.192 5
3.1922 4
3.1945 5
3.1947 4
3.197 5
3.1972 4
3.1986 0
3.1992 1
3.1994 5
3.1996 4
3.2018 5
3.2021 4
3.2043 5
3.2046 4
3.2068 5
3.2071 4
3.2093 5
3.2096 4
3.2118 5
3.2121 4
3.2143 5
3.2146 4
3.2168 5
3.2171 4
3.2193 5
3.2196 4
3.2218 5
3.2221 4
3.2243 5
3.2246 4
3.2268 5
3.2271 4
3.2293 5
3.2296 4
3.2318 5
3.2321 4
3.2343 5
3.2346 4
3.2368 5
3.2371 4
3.2393 5
3.2396 4
3.2418 5
3.2421 4
3.2443 5
3.2446 4
3.2468 5
3.2471 4
3.2493 5
3.2496 4
3.2518 5
3.2521 4
3.2543 5
3.2546 4
3.2568 5
3.2571 4
3.2593 5
3.2596 4
3.2618 5
3.2621 4
3.2643 5
3.2646 4
3.2668 5
3.2671 4
3.2693 5
3.2696 4
3.2718 5
3.2721 4
3.2743 5
3.2746 4
3.2768 5
3.2771 4
3.2793 5
3.2796 4
3.2818 5
3.2821 4
3.2843 5
3.2846 4
3.2868 5
3.2871 4
3.2893 5
3.2896 4
3.2918 5
3.2921 4
3.2943 5
3.2946 4
3.2968 5
3.2971 4
3.2993 5
3.2996 4
3.3018 5
3.3021 4
3.3043 5
3.3046 4
3.3068 5
3.3071 4
3.3093 5
3.3096 4
3.3118 5
3.3121 4
3.3143 5
3.3146 4
3.3168 5
3.3171 4
3.3193 5
3.3196 4
3.3218 5
3.3221 4
3.3243 5
3.3246 4
3.3268 5
3.3271 4
3.3293 5
3.3296 4
3.3318 5
3.3321 4
3.3343 5
3.3346 4
3.3368 5
3.3371 4
3.3393 5
3.3396 4
3.3418 5
3.3421 4
3.3443 5
3.3446 4
3.3468 5
3.3471 4
3.3493 5
3.3496 4
3.3518 5
3.3521 4
3.3543 5
3.3546 4
3.3568 5
3.3571 4
3.3593 5
3.3596 4
3.3618 5
3.3621 4
3.3643 5
3.3646 4
3.3668 5
3.3671 4
3.3693 5
3.3696 4
3.3718 5
3.3721 4
3.3743 5
3.3746 4
3.3768 5
3.3771 4
3.3793 5
3.3796 4
3.3818 5
3.3821 4
3.3843 5
3.3846 4
3.3868 5
3.3871 4
3.3893 5
3.3896 4
3.3918 5
3.3921 4
3.3943 5
3.3946 4
3.3968 5
3.3971 4
3.3993 5
3.3996 4
3.4018 5
3.4021 4
3.4043 5
3.4046 4
3.4068 5
3.4071 4
3.4093 5
3.4096 4
3.4118 5
3.4121 4
3.4143 5
3.4146 4
3.4168 5
3.4171 4
3.4193 5
3.4196 4
3.4218 5
3.4221 4
3.4243 5
3.4246 4
3.4268 5
3.4271 4
3.4293 5
3.4296 4
3.4318 5
3.4321 4
3.4343 5
3.4346 4
3.4368 5
3.4371 4
3.4393 5
3.4396 4
3.4418 5
3.4421 4
3.4443 5
3.4446 4
3.4468 5
3.4471 4
3.4493 5
3.4496 4
3.4518 5
3.4521 4
3.4543 5
3.4546 4
3.4568 5
3.4571 4
3.4593 5
3.4596 4
3.4618 5
3.4621 4
3.4643 5
3.4646 4
3.4668 5
3.4671 4
3.4693 5
3.4696 4
3.4718 5
3.4721 4
3.4743 5
3.4746 4
3.4768 5
3.4771 4
3.4793 5
3.4796 4
3.4818 5
3.4821 4
3.4843 5
3.4846 4
3.4868 5
3.4871 4
3.4893 5
3.4896 4
3.4918 5
3.4921 4
3.4943 5
3.4946 4
3.4968 5
3.4971 4
3.4993 5
3.4996 4
3.5018 5
3.5021 4
3.5043 5
3.5046 4
3.5068 5
3.5071 4
3.5093 5
3.5096 4
3.5118 5
3.5121 4
3.5143 5
3.5146 4
3.5168 5
3.5171 4
3.5193 5
3.5196 4
3.5218 5
3.5221 4
3.5243 5
3.5246 4
3.5268 5
3.5271 4
3.5293 5
3.5296 4
3.5318 5
3.5321 4
3.5343 5
3.5346 4
3.5368 5
3.5371 4
3.5393 5
3.5396 4
3.5418 5
3.5421 4
3.5443 5
3.5446 4
3.5468 5
3.5471 4
3.5493 5
3.5496 4
3.5518 5
3.5521 4
3.5543 5
3.5546 4
3.5568 5
3.5571 4
3.5593 5
3.5596 4
3.5618 5
3.5621 4
3.5643 5
3.5646 4
3.5668 5
3.5671 4
3.5693 5
3.5696 4
3.5718 5
3.5721 4
3.5743 5
3.5746 4
3.5768 5
3.5771 4
3.5793 5
3.5796 4
3.5818 5
3.5821 4
3.5843 5
3.5846 4
3.5868 5
3.5871 4
3.5893 5
3.5896 4
3.5918 5
3.5921 4
3.5943 5
3.5946 4
3.5968 5
3.5971 4
3.5993 5
3.5996 4
3.6018 5
3.6021 4
3.6043 5
3.6046 4
3.6068 5
3.6071 4
3.6093 5
3.6096 4
3.6118 5
3.6121 4
3.6143 5
3.6146 4
3.6168 5
3.6171 4
3.6193 5
3.6196 4
3.6218 5
3.6221 4
3.6243 5
3.6246 4
3.6268 5
3.6271 4
3.6293 5
3.6296 4
3.6318 5
3.6321 4
3.6343 5
3.6346 4
3.6368 5
3.6371 4
3.6393 5
3.6396 4
3.6418 5
3.6421 4
3.6443 5
3.6446 4
3.6468 5
3.6471 4
3.6493 5
3.6496 4
3.6518 5
3.6521 4
3.6543 5
3.6546 4
3.6568 5
3.6571 4
3.6593 5
3.6596 4
3.6618 5
3.6621 4
3.6643 5
3.6646 4
3.6668 5
3.6671 4
3.6693 5
3.6696 4
3.6718 5
3.6721 4
3.6743 5
3.6746 4
3.6768 5
3.6771 4
3.6793 5
3.6796 4
3.6818 5
3.6821 4
3.6843 5
3.6846 4
3.6868 5
3.6871 4
3.6893 5
3.6896 4
3.6918 5
3.6921 4
3.6943 5
3.6946 4
3.6968 5
3.6971 4
3.6993 5
3.6996 4
3.7018 5
3.7021 4
3.7043 5
3.7046 4
3.7068 5
3.7071 4
3.7093 5
3.7096 4
3.7118 5
3.7121 4
3.7143 5
3.7146 4
3.7168 5
3.7171 4
3.7193 5
3.7196 4
3.7218 5
3.7221 4
3.7243 5
3.7246 4
3.7268 5
3.7271 4
3.7293 5
3.7296 4
3.7318 5
3.7321 4
3.7343 5
3.7346 4
3.7368 5
3.7371 4
3.7393 5
3.7396 4
3.7418 5
3.7421 4
3.7443 5
3.7446 4
3.7468 5
3.7471 4
3.7493 5
3.7496 4
3.7518 5
3.7521 4
3.7543 5
3.7546 4
3.7568 5
3.7571 4
3.7593 5
3.7596 4
3.7618 5
3.7621 4
3.7643 5
3.7646 4
3.7668 5
3.7671 4
3.7693 5
3.7696 4
3.7718 5
3.7721 4
3.7743 5
3.7746 4
3.7768 5
3.7771 4
3.7793 5
3.7796 4
3.7818 5
3.7821 4
3.7843 5
3.7846 4
3.7868 5
3.7871 4
3.7893 5
3.7896 4
3.7918 5
3.7921 4
3.7943 5
3.7946 4
3.7968 5
3.7971 4
3.7993 5
3.7996 4
3.8018 5
3.8021 4
3.8043 5
3.8046 4
3.8068 5
3.8071 4
3.8093 5
3.8096 4
3.8118 5
3.8121 4
3.8143 5
3.8146 4
3.8168 5
3.8171 4
3.8193 5
3.8196 4
3.8218 5
3.8221 4
3.8243 5
3.8246 4
3.8268 5
3.8271 4
3.8293 5
3.8296 4
3.8318 5
3.8321 4
3.8343 5
3.8346 4
3.8368 5
3.8371 4
3.8393 5
3.8396 4
3.8418 5
3.8421 4
3.8443 5
3.8446 4
3.8468 5
3.8471 4
3.8493 5
3.8496 4
3.8518 5
3.8521 4
3.8543 5
3.8546 4
3.8568 5
3.8571 4
3.8593 5
3.8596 4
3.8618 5
3.8621 4
3.8643 5
3.8646 4
3.8668 5
3.8671 4
3.8693 5
3.8696 4
3.8718 5
3.8721 4
3.8743 5
3.8746 4
3.8768 5
3.8771 4
3.8793 5
3.8796 4
3.8818 5
3.8821 4
3.8843 5
3.8846 4
3.8868 5
3.8871 4
3.8893 5
3.8896 4
3.8918 5
3.8921 4
3.8943 5
3.8946 4
3.8968 5
3.8971 4
3.8993 5
3.8996 4
3.9018 5
3.9021 4
3.9043 5
3.9046 4
3.9068 5
3.9071 4
3.9093 5
3.9096 4
3.9118 5
3.9121 4
3.9143 5
3.9146 4
3.9168 5
3.9171 4
3.9193 5
3.9196 4
3.9218 5
3.9221 4
3.9243 5
3.9246 4
3.9268 5
3.9271 4
3.9293 5
3.9296 4
3.9318 5
3.9321 4
3.9343 5
3.9346 4
3.9368 5
3.9371 4
3.9393 5
3.9396 4
3.9418 5
3.9421 4
3.9443 5
3.9446 4
3.9468 5
3.9471 4
3.9493 5
3.9496 4
3.9518 5
3.9521 4
3.9543 5
3.9546 4
3.9568 5
3.9571 4
3.9593 5
3.9596 4
3.9618 5
3.9621 4
3.9643 5
3.9646 4
3.9668 5
3.9671 4
3.9693 5
3.9696 4
3.9718 5
3.9721 4
3.9743 5
3.9746 4
3.9768 5
3.9771 4
3.9793 5
3.9796 4
3.9818 5
3.9821 4
3.9843 5
3.9846 4
3.9868 5
3.9871 4
3.9893 5
3.9896 4
3.9918 5
3.9921 4
3.9943 5
3.9946 4
3.9968 5
3.9971 4
3.9993 5
3.9996 4
4.0018 5
4.0021 4
4.0043 5
4.0046 4
4.0068 5
4.0071 4
4.0093 5
4.0096 4
4.0111 1
4.0116 5
4.0121 4
4.0141 5
4.0146 4
4.0166 5
4.0171 4
4.0191 5
4.0194 1
4.0196 4
4.0208 0
4.0215 5
4.022 4
4.024 5
4.0245 4
4.0265 5
4.027 4
4.0272 1
4.0289 5
4.029 0
4.0294 4
4.0314 5
4.0318 4
4.0339 5
4.0343 4
4.0364 5
4.0368 4
4.0372 0
4.0376 1
4.0388 5
4.0392 4
4.0413 5
4.0417 4
4.0438 5
4.0442 4
4.0449 1
4.0454 0
4.0462 5
4.0466 4
4.0487 5
4.0491 4
4.0512 5
4.0516 4
4.0531 1
4.0535 5
4.0538 0
4.054 4
4.0559 5
4.0564 4
4.0584 5
4.0589 4
4.0609 5
4.0614 4
4.062 0
4.0627 1
4.0632 5
4.0638 4
4.0657 5
4.0663 4
4.0682 5
4.0688 4
4.0704 0
4.0707 5
4.0711 4
4.0729 1
4.0731 5
4.0736 4
4.0755 5
4.0761 4
4.078 5
4.0786 0
4.0786 4
4.0805 5
4.081 4
4.0812 1
4.0829 5
4.0835 4
4.0854 5
4.086 4
4.0866 0
4.0879 5
4.0884 4
4.0901 1
4.0903 5
4.0909 4
4.0927 5
4.0934 4
4.0948 0
4.0952 5
4.0958 4
4.0977 5
4.0983 4
4.1002 5
4.1003 1
4.1008 4
4.1026 5
4.1033 4
4.1044 0
4.1051 5
4.1057 4
4.1076 5
4.1082 4
4.1101 5
4.1104 1
4.1107 4
4.1125 5
4.1128 0
4.1131 4
4.115 5
4.1155 4
4.1175 5
4.118 4
4.1193 1
4.1198 5
4.1205 4
4.1212 0
4.1223 5
4.1229 4
4.1248 5
4.1254 4
4.1271 1
4.1273 5
4.1279 4
4.1291 0
4.1297 5
4.1303 4
4.1322 5
4.1328 4
4.1347 5
4.1353 4
4.1368 1
4.1369 0
4.1371 5
4.1376 4
4.1395 5
4.1401 4
4.142 5
4.1426 4
4.1445 5
4.1451 4
4.147 5
4.1472 0
4.1475 4
4.1477 1
4.1494 5
4.1499 4
4.1519 5
4.1524 4
4.1544 5
4.1549 4
4.1564 1
4.1568 5
4.1571 0
4.1573 4
4.1592 5
4.1597 4
4.1617 5
4.1622 4
4.1642 5
4.1647 0
4.1647 4
4.1656 1
4.1666 5
4.1671 4
4.1691 5
4.1696 4
4.1716 5
4.1721 4
4.174 0
4.1741 5
4.1744 4
4.1751 1
4.1765 5
4.1768 4
4.179 5
4.1793 4
4.1815 5
4.1818 4
4.1836 1
4.1837 0
4.1839 5
4.1841 4
4.1863 5
4.1865 4
4.1888 5
4.189 4
4.1913 5
4.1915 4
4.1925 1
4.1928 0
4.1937 5
4.1939 4
4.1962 5
4.1964 4
4.1987 5
4.1989 4
4.2012 5
4.2014 0
4.2014 4
4.2023 1
4.2036 5
4.2038 4
4.2061 5
4.2063 4
4.2086 5
4.2088 4
4.2098 0
4.2108 1
4.211 5
4.2112 4
4.2134 5
4.2137 4
4.2159 5
4.2162 4
4.2184 5
4.2187 1
4.2187 4
4.2196 0
4.2208 5
4.2211 4
4.2233 5
4.2236 4
4.2258 5
4.2261 4
4.2267 1
4.2282 5
4.2286 4
4.2294 0
4.2307 5
4.231 4
4.2332 5
4.2335 4
4.2345 1
4.2356 5
4.236 4
4.2381 5
4.2384 0
4.2385 4
4.2406 5
4.2409 4
4.2431 5
4.2434 4
4.2445 1
4.2455 5
4.2459 4
4.2467 0
4.248 5
4.2483 4
4.2505 5
4.2508 4
4.253 5
4.2533 1
4.2533 4
4.2549 0
4.2554 5
4.2556 4
4.2579 5
4.2581 4
4.2604 5
4.2606 4
4.2622 1
4.2627 5
4.2631 4
4.2634 0
4.2652 5
4.2655 4
4.2677 5
4.268 4
4.2702 5
4.2705 4
4.2706 1
4.2723 0
4.2726 5
4.2728 4
4.2751 5
4.2753 4
4.2776 5
4.2778 4
4.2789 1
4.28 5
4.2803 4
4.2812 0
4.2825 5
4.2827 4
4.285 5
4.2852 4
4.2873 1
4.2875 5
4.2877 4
4.2892 0
4.2899 5
4.2901 4
4.2924 5
4.2926 4
4.2949 1
4.2949 5
4.2951 4
4.2973 0
4.2973 5
4.2975 4
4.2998 5
4.2999 4
4.3023 5
4.3024 1
4.3024 4
4.3047 5
4.3049 4
4.306 0
4.3072 5
4.3073 4
4.3097 5
4.3098 4
4.311 1
4.3121 5
4.3123 4
4.3146 5
4.3147 0
4.3148 4
4.3171 5
4.3172 4
4.3191 1
4.3195 5
4.3197 4
4.3219 5
4.3222 4
4.3231 0
4.3244 5
4.3246 4
4.3266 1
4.3268 5
4.3271 4
4.3292 5
4.3296 4
4.331 0
4.3317 5
4.332 4
4.3342 5
4.3345 4
4.3346 1
4.3366 5
4.337 4
4.3391 5
4.3395 4
4.3396 0
4.3416 5
4.3419 4
4.3425 1
4.344 5
4.3444 4
4.3465 5
4.3469 4
4.3479 0
4.349 5
4.3493 4
4.3515 5
4.3518 4
4.3522 1
4.3539 5
4.3543 4
4.3563 0
4.3564 5
4.3567 4
4.3589 5
4.3591 4
4.3612 1
4.3614 5
4.3616 4
4.3638 5
4.3641 4
4.3655 0
4.3663 5
4.3665 4
4.3688 5
4.369 4
4.3692 1
4.3712 5
4.3715 4
4.3737 5
4.3739 0
4.374 4
4.3762 5
4.3764 4
4.3773 1
4.3786 5
4.3789 4
4.3811 5
4.3814 4
4.3827 0
4.3836 5
4.3838 4
4.3861 5
4.3863 4
4.3874 1
4.3885 5
4.3888 4
4.3908 0
4.391 5
4.3912 4
4.3935 5
4.3936 4
4.3955 1
4.3959 5
4.3961 4
4.3983 5
4.3986 4
4.3988 0
4.4008 5
4.401 4
4.4033 5
4.4035 4
4.4036 1
4.4057 5
4.406 4
4.4076 0
4.4082 5
4.4084 4
4.4107 5
4.4109 4
4.4131 1
4.4132 5
4.4134 4
4.4151 0
4.4156 5
4.4157 4
4.4181 5
4.4182 4
4.4206 5
4.4207 4
4.4215 1
4.423 5
4.4232 4
4.4236 0
4.4255 5
4.4256 4
4.428 5
4.4281 4
4.4297 1
4.4303 5
4.4306 4
4.4312 0
4.4328 5
4.433 4
4.4353 5
4.4355 4
4.4378 5
4.438 4
4.4382 1
4.4384 0
4.4402 5
4.4404 4
4.4427 5
4.4429 4
4.4452 5
4.4454 4
4.4464 1
4.447 0
4.4476 5
4.4477 4
4.4501 5
4.4502 4
4.4526 5
4.4527 4
4.4541 1
4.4545 0
4.455 4
4.455 5
4.4575 4
4.4575 5
4.46 4
4.46 5
4.4624 1
4.4625 4
4.4625 5
4.4636 0
4.4649 4
4.4649 5
4.4674 4
4.4674 5
4.4699 4
4.4699 5
4.47 1
4.4717 0
4.4722 4
4.4723 5
4.4747 4
4.4748 5
4.4772 4
4.4773 5
4.4788 1
4.4794 0
4.4796 4
4.4797 5
4.482 4
4.4822 5
4.4845 4
4.4847 5
4.4864 1
4.487 4
4.487 5
4.4873 0
4.4894 4
4.4895 5
4.4919 4
4.492 5
4.4943 1
4.4944 4
4.4945 5
4.4958 0
4.4968 4
4.4969 5
4.4993 4
4.4994 5
4.5018 4
4.5019 5
4.5023 1
4.5043 4
4.5043 5
4.5046 0
4.5067 4
4.5068 5
4.5092 4
4.5093 5
4.5099 1
4.5117 4
4.5117 5
4.5139 0
4.5141 4
4.5142 5
4.5165 4
4.5167 5
4.5183 1
4.519 4
4.519 5
4.5215 4
4.5215 5
4.5235 0
4.5239 4
4.524 5
4.5263 4
4.5265 5
4.5273 1
4.5288 4
4.5289 5
4.5313 4
4.5314 5
4.532 0
4.5337 4
4.5339 5
4.5362 4
4.5364 5
4.5366 1
4.5387 4
4.5388 5
4.5409 0
4.5411 4
4.5413 5
4.5435 4
4.5438 5
4.5448 1
4.546 4
4.5462 5
4.5485 4
4.5487 5
4.5501 0
4.5509 4
4.5512 5
4.5526 1
4.5534 4
4.5536 5
4.5559 4
4.5561 5
4.5584 4
4.5586 5
4.5588 0
4.5608 4
4.561 1
4.5611 5
4.5633 4
4.5635 5
4.5658 4
4.566 5
4.5683 4
4.5685 5
4.5688 0
4.5689 1
4.5707 4
4.5709 5
4.5732 4
4.5734 5
4.5757 4
4.5759 5
4.5763 0
4.5771 1
4.5781 4
4.5783 5
4.5806 4
4.5808 5
4.5831 4
4.5833 5
4.5856 0
4.5856 4
4.5858 5
4.5862 1
4.588 4
4.5882 5
4.5905 4
4.5907 5
4.593 0
4.593 4
4.5932 5
4.5949 1
4.5954 4
4.5955 5
4.5979 4
4.598 5
4.6004 4
4.6005 5
4.6013 0
4.6028 4
4.603 5
4.6034 1
4.6053 4
4.6054 5
4.6078 4
4.6079 5
4.6094 0
4.6101 4
4.6104 5
4.6111 1
4.6126 4
4.6128 5
4.6151 4
4.6153 5
4.6174 0
4.6176 4
4.6178 5
4.6188 1
4.62 4
4.6202 5
4.6225 4
4.6227 5
4.625 4
4.6252 5
4.6265 0
4.6274 1
4.6274 4
4.6276 5
4.6299 4
4.63 5
4.6324 4
4.6325 5
4.6349 4
4.635 5
4.6356 1
4.6363 0
4.6373 4
4.6374 5
4.6398 4
4.6399 5
4.6423 4
4.6424 5
4.6431 1
4.6448 4
4.6448 5
4.6458 0
4.6472 4
4.6473 5
4.6497 4
4.6498 5
4.6515 1
4.6521 5
4.6522 4
4.6538 0
4.6545 4
4.6546 5
4.657 4
4.6571 5
4.6595 4
4.6596 1
4.6596 5
4.662 4
4.662 5
4.6634 0
4.6644 4
4.6645 5
4.6669 4
4.667 5
4.6694 4
4.6695 5
4.6709 1
4.6716 0
4.6718 4
4.6719 5
4.6742 4
4.6744 5
4.6767 4
4.6769 5
4.6792 4
4.6794 5
4.6795 1
4.6806 0
4.6816 4
4.6818 5
4.6841 4
4.6843 5
4.6866 4
4.6868 5
4.6872 1
4.6891 4
4.6892 5
4.6894 0
4.6915 4
4.6917 5
4.694 4
4.6942 5
4.696 1
4.6965 4
4.6965 5
4.6983 0
4.6988 4
4.699 5
4.7013 4
4.7015 5
4.7038 4
4.704 5
4.705 1
4.7063 4
4.7064 5
4.7068 0
4.7087 4
4.7089 5
4.7112 4
4.7114 5
4.7137 4
4.7138 1
4.7139 5
4.7144 0
4.7161 4
4.7163 5
4.7186 4
4.7188 5
4.7211 4
4.7213 5
4.7229 0
4.7233 1
4.7234 4
4.7237 5
4.7259 4
4.7261 5
4.7284 4
4.7286 5
4.7304 0
4.7308 4
4.7311 5
4.7318 1
4.7332 4
4.7335 5
4.7357 4
4.736 5
4.7382 4
4.7385 5
4.7393 0
4.7406 4
4.7407 1
4.7409 5
4.7431 4
4.7433 5
4.7456 4
4.7458 5
4.7481 4
4.7483 5
4.7492 1
4.7496 0
4.7505 4
4.7507 5
4.753 4
4.7532 5
4.7555 4
4.7557 5
4.758 4
4.7582 5
4.7583 0
4.759 1
4.7604 4
4.7606 5
4.7629 4
4.7631 5
4.7654 4
4.7656 5
4.7663 0
4.767 1
4.7678 4
4.768 5
4.7703 4
4.7705 5
4.7728 4
4.773 5
4.7752 1
4.7753 4
4.7754 0
4.7754 5
4.7777 4
4.7778 5
4.7802 4
4.7803 5
4.7827 4
4.7828 5
4.7832 1
4.7852 0
4.7852 4
4.7852 5
4.7876 4
4.7877 5
4.7901 4
4.7902 5
4.7914 1
4.7926 4
4.7926 5
4.7933 0
4.795 4
4.7951 5
4.7975 4
4.7976 5
4.8 4
4.8001 5
4.8025 4
4.8026 5
4.805 4
4.8051 5
4.8075 4
4.8076 5
4.81 4
4.8101 5
4.8125 4
4.8126 5
4.815 4
4.8151 5
4.8175 4
4.8176 5
4.82 4
4.8201 5
4.8225 4
4.8226 5
4.825 4
4.8251 5
4.8275 4
4.8276 5
4.83 4
4.8301 5
4.8325 4
4.8326 5
4.835 4
4.8351 5
4.8375 4
4.8376 5
4.84 4
4.8401 5
4.8425 4
4.8426 5
4.845 4
4.8451 5
4.8475 4
4.8476 5
4.85 4
4.8501 5
4.8525 4
4.8526 5
4.855 4
4.8551 5
4.8575 4
4.8576 5
4.86 4
4.8601 5
4.8625 4
4.8626 5
4.865 4
4.8651 5
4.8675 4
4.8676 5
4.87 4
4.8701 5
4.8725 4
4.8726 5
4.875 4
4.8751 5
4.8775 4
4.8776 5
4.88 4
4.8801 5
4.8825 4
4.8826 5
4.885 4
4.8851 5
4.8875 4
4.8876 5
4.89 4
4.8901 5
4.8925 4
4.8926 5
4.895 4
4.8951 5
4.8975 4
4.8976 5
4.9 4
4.9001 5
4.9025 4
4.9026 5
4.905 4
4.9051 5
4.9075 4
4.9076 5
4.91 4
4.9101 5
4.9125 4
4.9126 5
4.915 4
4.9151 5
4.9175 4
4.9176 5
4.92 4
4.9201 5
4.9225 4
4.9226 5
4.925 4
4.9251 5
4.9275 4
4.9276 5
4.93 4
4.9301 5
4.9325 4
4.9326 5
4.935 4
4.9351 5
4.9375 4
4.9376 5
4.94 4
4.9401 5
4.9425 4
4.9426 5
4.945 4
4.9451 5
4.9475 4
4.9476 5
4.95 4
4.9501 5
4.9525 4
4.9526 5
4.955 4
4.9551 5
4.9575 4
4.9576 5
4.96 4
4.9601 5
4.9625 4
4.9626 5
4.965 4
4.9651 5
4.9675 4
4.9676 5
4.97 4
4.9701 5
4.9725 4
4.9726 5
4.975 4
4.9751 5
4.9775 4
4.9776 5
4.98 4
4.9801 5
4.9825 4
4.9826 5
4.985 4
4.9851 5
4.9875 4
4.9876 5
4.99 4
4.9901 5
4.9925 4
4.9926 5
4.995 4
4.9951 5
4.9975 4
4.9976 5
5 4
5.0001 5
5.0025 4
5.0026 5
5.005 4
5.0051 5
5.0075 4
5.0076 5
5.01 4
5.0101 5
5.0125 4
5.0126 5
5.015 4
5.0151 5
5.0175 4
5.0176 5
5.02 4
5.0201 5
5.0225 4
5.0226 5
5.025 4
5.0251 5
5.0275 4
5.0276 5
5.03 4
5.0301 5
5.0325 4
5.0326 5
5.035 4
5.0351 5
5.0375 4
5.0376 5
5.04 4
5.0401 5
5.0425 4
5.0426 5
5.045 4
5.0451 5
5.0475 4
5.0476 5
5.05 4
5.0501 5
5.0525 4
5.0526 5
5.055 4
5.0551 5
5.0575 4
5.0576 5
5.06 4
5.0601 5
5.0625 4
5.0626 5
5.065 4
5.0651 5
5.0675 4
5.0676 5
5.07 4
5.0701 5
5.0725 4
5.0726 5
5.075 4
5.0751 5
5.0775 4
5.0776 5
5.08 4
5.0801 5
5.0825 4
5.0826 5
5.085 4
5.0851 5
5.0875 4
5.0876 5
5.09 4
5.0901 5
5.0925 4
5.0926 5
5.095 4
5.0951 5
5.0975 4
5.0976 5
5.1 4
5.1001 5
5.1025 4
5.1026 5
5.105 4
5.1051 5
5.1075 4
5.1076 5
5.11 4
5.1101 5
5.1125 4
5.1126 5
5.115 4
5.1151 5
5.1175 4
5.1176 5
5.12 4
5.1201 5
5.1225 4
5.1226 5
5.125 4
5.1251 5
5.1275 4
5.1276 5
5.13 4
5.1301 5
5.1325 4
5.1326 5
5.135 4
5.1351 5
5.1375 4
5.1376 5
5.14 4
5.1401 5
5.1425 4
5.1426 5
5.145 4
5.1451 5
5.1475 4
5.1476 5
5.15 4
5.1501 5
5.1525 4
5.1526 5
5.155 4
5.1551 5
5.1575 4
5.1576 5
5.16 4
5.1601 5
5.1625 4
5.1626 5
5.165 4
5.1651 5
5.1675 4
5.1676 5
5.17 4
5.1701 5
5.1725 4
5.1726 5
5.175 4
5.1751 5
5.1775 4
5.1776 5
5.18 4
5.1801 5
5.1825 4
5.1826 5
5.185 4
5.1851 5
5.1875 4
5.1876 5
5.19 4
5.1901 5
5.1925 4
5.1926 5
5.195 4
5.1951 5
5.1975 4
5.1976 5
5.2 4
5.2001 5
5.2025 4
5.2026 5
5.205 4
5.2051 5
5.2075 4
5.2076 5
5.21 4
5.2101 5
5.2125 4
5.2126 5
5.215 4
5.2151 5
5.2175 4
5.2176 5
5.22 4
5.2201 5
5.2225 4
5.2226 5
5.225 4
5.2251 5
5.2275 4
5.2276 5
5.23 4
5.2301 5
5.2325 4
5.2326 5
5.235 4
5.2351 5
5.2375 4
5.2376 5
5.24 4
5.2401 5
5.2425 4
5.2426 5
5.245 4
5.2451 5
5.2475 4
5.2476 5
5.25 4
5.2501 5
5.2525 4
5.2526 5
5.255 4
5.2551 5
5.2575 4
5.2576 5
5.26 4
5.2601 5
5.2625 4
5.2626 5
5.265 4
5.2651 5
5.2675 4
5.2676 5
5.27 4
5.2701 5
5.2725 4
5.2726 5
5.275 4
5.2751 5
5.2775 4
5.2776 5
5.28 4
5.2801 5
5.2825 4
5.2826 5
5.285 4
5.2851 5
5.2875 4
5.2876 5
5.29 4
5.2901 5
5.2925 4
5.2926 5
5.295 4
5.2951 5
5.2975 4
5.2976 5
5.3 4
5.3001 5
5.3025 4
5.3026 5
5.305 4
5.3051 5
5.3075 4
5.3076 5
5.31 4
5.3101 5
5.3125 4
5.3126 5
5.315 4
5.3151 5
5.3175 4
5.3176 5
5.32 4
5.3201 5
5.3225 4
5.3226 5
5.325 4
5.3251 5
5.3275 4
5.3276 5
5.33 4
5.3301 5
5.3325 4
5.3326 5
5.335 4
5.3351 5
5.3375 4
5.3376 5
5.34 4
5.3401 5
5.3425 4
5.3426 5
5.345 4
5.3451 5
5.3475 4
5.3476 5
5.35 4
5.3501 5
5.3525 4
5.3526 5
5.355 4
5.3551 5
5.3575 4
5.3576 5
5.36 4
5.3601 5
5.3625 4
5.3626 5
5.365 4
5.3651 5
5.3675 4
5.3676 5
5.37 4
5.3701 5
5.3725 4
5.3726 5
5.375 4
5.3751 5
5.3775 4
5.3776 5
5.38 4
5.3801 5
5.3825 4
5.3826 5
5.385 4
5.3851 5
5.3875 4
5.3876 5
5.39 4
5.3901 5
5.3925 4
5.3926 5
5.395 4
5.3951 5
5.3975 4
5.3976 5
5.4 4
5.4001 5
5.4025 4
5.4026 5
5.405 4
5.4051 5
5.4075 4
5.4076 5
5.41 4
5.4101 5
5.4125 4
5.4126 5
5.415 4
5.4151 5
5.4175 4
5.4176 5
5.42 4
5.4201 5
5.4225 4
5.4226 5
5.425 4
5.4251 5
5.4275 4
5.4276 5
5.43 4
5.4301 5
5.4325 4
5.4326 5
5.435 4
5.4351 5
5.4375 4
5.4376 5
5.44 4
5.4401 5
5.4425 4
5.4426 5
5.445 4
5.4451 5
5.4475 4
5.4476 5
5.45 4
5.4501 5
5.4525 4
5.4526 5
5.455 4
5.4551 5
5.4575 4
5.4576 5
5.46 4
5.4601 5
5.4625 4
5.4626 5
5.465 4
5.4651 5
5.4675 4
5.4676 5
5.47 4
5.4701 5
5.4725 4
5.4726 5
5.475 4
5.4751 5
5.4775 4
5.4776 5
5.48 4
5.4801 5
5.4825 4
5.4826 5
5.485 4
5.4851 5
5.4875 4
5.4876 5
5.49 4
5.4901 5
5.4925 4
5.4926 5
5.495 4
5.4951 5
5.4975 4
5.4976 5
5.5 4
5.5001 5
5.5025 4
5.5026 5
5.505 4
5.5051 5
5.5075 4
5.5076 5
5.51 4
5.5101 5
5.5125 4
5.5126 5
5.515 4
5.5151 5
5.5175 4
5.5176 5
5.52 4
5.5201 5
5.5225 4
5.5226 5
5.525 4
5.5251 5
5.5275 4
5.5276 5
5.53 4
5.5301 5
5.5325 4
5.5326 5
5.535 4
5.5351 5
5.5375 4
5.5376 5
5.54 4
5.5401 5
5.5425 4
5.5426 5
5.545 4
5.5451 5
5.5475 4
5.5476 5
5.55 4
5.5501 5
5.5525 4
5.5526 5
5.555 4
5.5551 5
5.5575 4
5.5576 5
5.56 4
5.5601 5
5.5625 4
5.5626 5
5.565 4
5.5651 5
5.5675 4
5.5676 5
5.57 4
5.5701 5
5.5725 4
5.5726 5
5.575 4
5.5751 5
5.5775 4
5.5776 5
5.58 4
5.5801 5
5.5825 4
5.5826 5
5.585 4
5.5851 5
5.5875 4
5.5876 5
5.59 4
5.5901 5
5.5925 4
5.5926 5
5.595 4
5.5951 5
5.5975 4
5.5976 5
5.6 4
5.6001 5
5.6025 4
5.6026 5
5.605 4
5.6051 5
5.6075 4
5.6076 5
5.61 4
5.6101 5
5.6125 4
5.6126 5
5.615 4
5.6151 5
5.6175 4
5.6176 5
5.62 4
5.6201 5
5.6225 4
5.6226 5
5.625 4
5.6251 5
5.6275 4
5.6276 5
5.63 4
5.6301 5
5.6325 4
5.6326 5
5.635 4
5.6351 5
5.6375 4
5.6376 5
5.64 4
5.6401 5
5.6425 4
5.6426 5
5.645 4
5.6451 5
5.6475 4
5.6476 5
5.65 4
5.6501 5
5.6525 4
5.6526 5
5.655 4
5.6551 5
5.6575 4
5.6576 5
5.66 4
5.6601 5
5.6625 4
5.6626 5
5.665 4
5.6651 5
5.6675 4
5.6676 5
5.67 4
5.6701 5
5.6725 4
5.6726 5
5.675 4
5.6751 5
5.6775 4
5.6776 5
5.68 4
5.6801 5
5.6825 4
5.6826 5
5.685 4
5.6851 5
5.6875 4
5.6876 5
5.69 4
5.6901 5
5.6925 4
5.6926 5
5.695 4
5.6951 5
5.6975 4
5.6976 5
5.7 4
5.7001 5
5.7025 4
5.7026 5
5.705 4
5.7051 5
5.7075 4
5.7076 5
5.71 4
5.7101 5
5.7125 4
5.7126 5
5.715 4
5.7151 5
5.7175 4
5.7176 5
5.72 4
5.7201 5
5.7225 4
5.7226 5
5.725 4
5.7251 5
5.7275 4
5.7276 5
5.73 4
5.7301 5
5.7325 4
5.7326 5
5.735 4
5.7351 5
5.7375 4
5.7376 5
5.74 4
5.7401 5
5.7425 4
5.7426 5
5.745 4
5.7451 5
5.7475 4
5.7476 5
5.75 4
5.7501 5
5.7525 4
5.7526 5
5.755 4
5.7551 5
5.7575 4
5.7576 5
5.76 4
5.7601 5
5.7625 4
5.7626 5
5.765 4
5.7651 5
5.7675 4
5.7676 5
5.77 4
5.7701 5
5.7725 4
5.7726 5
5.775 4
5.7751 5
5.7775 4
5.7776 5
5.78 4
5.7801 5
5.7825 4
5.7826 5
5.785 4
5.7851 5
5.7875 4
5.7876 5
5.79 4
5.7901 5
5.7925 4
5.7926 5
5.795 4
5.7951 5
5.7975 4
5.7976 5
5.8 4
5.8001 5
5.8025 4
5.8026 5
5.805 4
5.8051 5
5.8075 4
5.8076 5
5.81 4
5.8101 5
5.8125 4
5.8126 5
5.815 4
5.8151 5
5.8175 4
5.8176 5
5.82 4
5.8201 5
5.8225 4
5.8226 5
5.825 4
5.8251 5
5.8275 4
5.8276 5
5.83 4
5.8301 5
5.8325 4
5.8326 5
5.835 4
5.8351 5
5.8375 4
5.8376 5
5.84 4
5.8401 5
5.8425 4
5.8426 5
5.845 4
5.8451 5
5.8475 4
5.8476 5
5.85 4
5.8501 5
5.8525 4
5.8526 5
5.855 4
5.8551 5
5.8575 4
5.8576 5
5.86 4
5.8601 5
5.8625 4
5.8626 5
5.865 4
5.8651 5
5.8675 4
5.8676 5
5.87 4
5.8701 5
5.8725 4
5.8726 5
5.875 4
5.8751 5
5.8775 4
5.8776 5
5.88 4
5.8801 5
5.8825 4
5.8826 5
5.885 4
5.8851 5
5.8875 4
5.8876 5
5.89 4
5.8901 5
5.8925 4
5.8926 5
5.895 4
5.8951 5
5.8975 4
5.8976 5
5.9 4
5.9001 5
5.9025 4
5.9026 5
5.905 4
5.9051 5
5.9075 4
5.9076 5
5.91 4
5.9101 5
5.9125 4
5.9126 5
5.915 4
5.9151 5
5.9175 4
5.9176 5
5.92 4
5.9201 5
5.9225 4
5.9226 5
5.925 4
5.9251 5
5.9275 4
5.9276 5
5.93 4
5.9301 5
5.9325 4
5.9326 5
5.935 4
5.9351 5
5.9375 4
5.9376 5
5.94 4
5.9401 5
5.9425 4
5.9426 5
5.945 4
5.9451 5
5.9475 4
5.9476 5
5.95 4
5.9501 5
5.9525 4
5.9526 5
5.955 4
5.9551 5
5.9575 4
5.9576 5
5.96 4
5.9601 5
5.9625 4
5.9626 5
5.965 4
5.9651 5
5.9675 4
5.9676 5
5.97 4
5.9701 5
5.9725 4
5.9726 5
5.975 4
5.9751 5
5.9775 4
5.9776 5
5.98 4
5.9801 5
5.9825 4
5.9826 5
5.985 4
5.9851 5
5.9875 4
5.9876 5
5.99 4
5.9901 5
5.9925 4
5.9926 5
5.995 4
5.9951 5
5.9975 4
5.9976 5
6 4
6.0001 5
6.0025 4
6.0026 5
6.005 4
6.0051 5
6.0075 4
6.0076 5
6.01 4
6.0101 5
6.0125 4
6.0126 5
6.015 4
6.0151 5
6.0175 4
6.0176 5
6.02 4
6.0201 5
6.0225 4
6.0226 5
6.025 4
6.0251 5
6.0275 4
6.0276 5
6.03 4
6.0301 5
6.0325 4
6.0326 5
6.035 4
6.0351 5
6.0375 4
6.0376 5
6.04 4
6.0401 5
6.0425 4
6.0426 5
6.045 4
6.0451 5
6.0475 4
6.0476 5
6.05 4
6.0501 5
6.0525 4
6.0526 5
6.055 4
6.0551 5
6.0575 4
6.0576 5
6.06 4
6.0601 5
6.0625 4
6.0626 5
6.065 4
6.0651 5
6.0675 4
6.0676 5
6.07 4
6.0701 5
6.0725 4
6.0726 5
6.075 4
6.0751 5
6.0775 4
6.0776 5
6.08 4
6.0801 5
6.0825 4
6.0826 5
6.085 4
6.0851 5
6.0875 4
6.0876 5
6.09 4
6.0901 5
6.0925 4
6.0926 5
6.095 4
6.0951 5
6.0975 4
6.0976 5
6.1 4
6.1001 5
6.1025 4
6.1026 5
6.105 4
6.1051 5
6.1075 4
6.1076 5
6.11 4
6.1101 5
6.1125 4
6.1126 5
6.115 4
6.1151 5
6.1175 4
6.1176 5
6.12 4
6.1201 5
6.1225 4
6.1226 5
6.125 4
6.1251 5
6.1275 4
6.1276 5
6.13 4
6.1301 5
6.1325 4
6.1326 5
6.135 4
6.1351 5
6.1375 4
6.1376 5
6.14 4
6.1401 5
6.1425 4
6.1426 5
6.145 4
6.1451 5
6.1475 4
6.1476 5
6.15 4
6.1501 5
6.1525 4
6.1526 5
6.155 4
6.1551 5
6.1575 4
6.1576 5
6.16 4
6.1601 5
6.1625 4
6.1626 5
6.165 4
6.1651 5
6.1675 4
6.1676 5
6.17 4
6.1701 5
6.1725 4
6.1726 5
6.175 4
6.1751 5
6.1775 4
6.1776 5
6.18 4
6.1801 5
6.1825 4
6.1826 5
6.185 4
6.1851 5
6.1875 4
6.1876 5
6.19 4
6.1901 5
6.1925 4
6.1926 5
6.195 4
6.1951 5
6.1975 4
6.1976 5
6.2 4
6.2001 5
6.2025 4
6.2026 5
6.205 4
6.2051 5
6.2075 4
6.2076 5
6.21 4
6.2101 5
6.2125 4
6.2126 5
6.215 4
6.2151 5
6.2175 4
6.2176 5
6.22 4
6.2201 5
6.2225 4
6.2226 5
6.225 4
6.2251 5
6.2275 4
6.2276 5
6.23 4
6.2301 5
6.2325 4
6.2326 5
6.235 4
6.2351 5
6.2375 4
6.2376 5
6.24 4
6.2401 5
6.2425 4
6.2426 5
6.245 4
6.2451 5
6.2475 4
6.2476 5
6.25 4
6.2501 5
6.2525 4
6.2526 5
6.255 4
6.2551 5
6.2575 4
6.2576 5
6.26 4
6.2601 5
6.2625 4
6.2626 5
6.265 4
6.2651 5
6.2675 4
6.2676 5
6.27 4
6.2701 5
6.2725 4
6.2726 5
6.275 4
6.2751 5
6.2775 4
6.2776 5
6.28 4
6.2801 5
6.2825 4
6.2826 5
6.285 4
6.2851 5
6.2875 4
6.2876 5
6.29 4
6.2901 5
6.2925 4
6.2926 5
6.295 4
6.2951 5
6.2975 4
6.2976 5
6.3 4
6.3001 5
6.3025 4
6.3026 5
6.305 4
6.3051 5
6.3075 4
6.3076 5
6.31 4
6.3101 5
6.3125 4
6.3126 5
6.315 4
6.3151 5
6.3175 4
6.3176 5
6.32 4
6.3201 5
6.3225 4
6.3226 5
6.325 4
6.3251 5
6.3275 4
6.3276 5
6.33 4
6.3301 5
6.3325 4
6.3326 5
6.335 4
6.3351 5
6.3375 4
6.3376 5
6.34 4
6.3401 5
6.3425 4
6.3426 5
6.345 4
6.3451 5
6.3475 4
6.3476 5
6.35 4
6.3501 5
6.3525 4
6.3526 5
6.355 4
6.3551 5
6.3575 4
6.3576 5
6.36 4
6.3601 5
6.3625 4
6.3626 5
6.365 4
6.3651 5
6.3675 4
6.3676 5
6.37 4
6.3701 5
6.3725 4
6.3726 5
6.375 4
6.3751 5
6.3775 4
6.3776 5
6.38 4
6.3801 5
6.3825 4
6.3826 5
6.385 4
6.3851 5
6.3875 4
6.3876 5
6.39 4
6.3901 5
6.3925 4
6.3926 5
6.395 4
6.3951 5
6.3975 4
6.3976 5
6.4 4
6.4001 5
6.4025 4
6.4026 5
6.405 4
6.4051 5
6.4075 4
6.4076 5
6.41 4
6.4101 5
6.4125 4
6.4126 5
6.415 4
6.4151 5
6.4175 4
6.4176 5
6.42 4
6.4201 5
6.4225 4
6.4226 5
6.425 4
6.4251 5
6.4275 4
6.4276 5
6.43 4
6.4301 5
6.4325 4
6.4326 5
6.435 4
6.4351 5
6.4375 4
6.4376 5
6.44 4
6.4401 5
6.4425 4
6.4426 5
6.445 4
6.4451 5
6.4475 4
6.4476 5
6.45 4
6.4501 5
6.4525 4
6.4526 5
6.455 4
6.4551 5
6.4575 4
6.4576 5
6.46 4
6.4601 5
6.4625 4
6.4626 5
6.465 4
6.4651 5
6.4675 4
6.4676 5
6.47 4
6.4701 5
6.4725 4
6.4726 5
6.475 4
6.4751 5
6.4775 4
6.4776 5
6.48 4
6.4801 5
6.4825 4
6.4826 5
6.485 4
6.4851 5
6.4875 4
6.4876 5
6.49 4
6.4901 5
6.4925 4
6.4926 5
6.495 4
6.4951 5
6.4975 4
6.4976 5
